hangfire.net 3 3 1 1 3 3 1.0 1.0 0.0 0.0 1.0 1.0 1.0 0.3333333333333333 0.3333333333333333 1.0 1.0 1
ezevents.net 3 3 2 2 3 2 0.5 0.5 0.5 0.5 0.5 1.0 1.0 0.6666666666666666 0.6666666666666666 1.0 0.6666666666666666 1
johnmarshallfoundation.org 3 3 1 1 3 3 1.0 1.0 0.0 0.0 1.0 1.0 1.0 0.3333333333333333 0.3333333333333333 1.0 1.0 1
simtech.gliwice.pl 2 2 2 1 2 2 0.0 0.0 0.0 0.0 0.0 0.6666666666666666 0.6666666666666666 0.6666666666666666 0.3333333333333333 0.6666666666666666 0.6666666666666666 1
storyguide.net 1 2 1 1 2 1 0.0 1.0 0.0 0.0 1.0 0.3333333333333333 0.6666666666666666 0.3333333333333333 0.3333333333333333 0.6666666666666666 0.3333333333333333 1
fresche.net 3 3 1 1 3 3 1.0 1.0 0.0 0.0 1.0 1.0 1.0 0.3333333333333333 0.3333333333333333 1.0 1.0 1
dariostoka.com 2 3 1 1 3 2 1.0 1.0 0.0 0.0 1.0 0.6666666666666666 1.0 0.3333333333333333 0.3333333333333333 1.0 0.6666666666666666 1
estate.websitewelcome.com 2 2 1 1 2 2 1.0 1.0 0.0 0.0 1.0 1.0 1.0 0.5 0.5 1.0 1.0 1
mail3x.com 1 2 1 1 2 1 0.0 0.0 0.0 0.0 0.0 0.25 0.5 0.25 0.25 0.5 0.25 1
aztek.websitewelcome.com 2 2 1 1 2 2 0.5 0.5 0.0 0.0 0.5 1.0 1.0 0.5 0.5 1.0 1.0 1
mrwinterinc.com 3 3 1 1 3 3 1.0 1.0 0.0 0.0 1.0 1.0 1.0 0.3333333333333333 0.3333333333333333 1.0 1.0 1
babyonlinedirect.com.au 2 2 2 2 2 2 1.0 1.0 1.0 1.0 1.0 1.0 1.0 1.0 1.0 1.0 1.0 1
humanpast.net 1 1 1 1 1 1 0.0 0.0 0.0 0.0 0.0 0.5 0.5 0.5 0.5 0.5 0.5 1
smarterguys.com 3 3 1 1 3 3 1.0 1.0 0.0 0.0 1.0 1.0 1.0 0.3333333333333333 0.3333333333333333 1.0 1.0 1
in-memory-of-pets.org 3 3 1 1 2 3 1.0 1.0 0.0 0.0 0.0 1.0 1.0 0.3333333333333333 0.3333333333333333 0.6666666666666666 1.0 1
realizationstudios.com 2 2 1 1 2 2 0.6666666666666666 0.6666666666666666 0.0 0.0 0.6666666666666666 0.6666666666666666 0.6666666666666666 0.3333333333333333 0.3333333333333333 0.6666666666666666 0.6666666666666666 1
glassbusiness.net 2 2 1 1 2 2 1.0 1.0 0.0 0.0 1.0 1.0 1.0 0.5 0.5 1.0 1.0 1
american-warehouse.com 3 3 2 2 3 3 1.0 1.0 1.0 1.0 1.0 1.0 1.0 0.6666666666666666 0.6666666666666666 1.0 1.0 1
revistamercado.do 3 3 1 1 3 3 1.0 1.0 0.0 0.0 1.0 1.0 1.0 0.3333333333333333 0.3333333333333333 1.0 1.0 1
transferninjas.com 2 2 1 1 2 2 1.0 1.0 0.0 0.0 1.0 1.0 1.0 0.5 0.5 1.0 1.0 1
aidforaids.org 2 3 1 1 3 2 1.0 1.0 0.0 0.0 1.0 0.6666666666666666 1.0 0.3333333333333333 0.3333333333333333 1.0 0.6666666666666666 1
powershopnet.net 3 3 2 1 3 3 1.0 1.0 0.0 0.0 1.0 1.0 1.0 0.6666666666666666 0.3333333333333333 1.0 1.0 1
156x.com 2 2 2 2 2 2 1.0 1.0 1.0 1.0 1.0 0.6666666666666666 0.6666666666666666 0.6666666666666666 0.6666666666666666 0.6666666666666666 0.6666666666666666 1
browserweb.com 2 3 2 1 3 2 1.0 1.0 1.0 0.0 1.0 0.6666666666666666 1.0 0.6666666666666666 0.3333333333333333 1.0 0.6666666666666666 1
zekert.com 1 2 1 1 2 1 0.0 1.0 0.0 0.0 1.0 0.5 1.0 0.5 0.5 1.0 0.5 1
snipurl.com 2 2 2 2 2 2 0.4 0.4 0.4 0.4 0.4 0.4 0.4 0.4 0.4 0.4 0.4 1
vrdc.org 2 2 1 1 2 2 1.0 1.0 0.0 0.0 1.0 1.0 1.0 0.5 0.5 1.0 1.0 1
montecarlo.websitewelcome.com 2 2 1 1 2 2 0.5 0.5 0.0 0.0 0.5 1.0 1.0 0.5 0.5 1.0 1.0 1
cc-ea.org 1 2 1 1 2 1 0.0 1.0 0.0 0.0 1.0 0.5 1.0 0.5 0.5 1.0 0.5 1
marbella.websitewelcome.com 2 2 1 1 2 2 0.5 0.5 0.0 0.0 0.5 1.0 1.0 0.5 0.5 1.0 1.0 1
seattleadvertising.com 3 3 2 1 3 3 1.0 1.0 1.0 0.0 1.0 1.0 1.0 0.6666666666666666 0.3333333333333333 1.0 1.0 1
babymusictogo.com 3 3 1 1 3 3 1.0 1.0 0.0 0.0 1.0 1.0 1.0 0.3333333333333333 0.3333333333333333 1.0 1.0 1
thisplace.net 3 3 2 1 3 3 1.0 1.0 1.0 0.0 1.0 1.0 1.0 0.6666666666666666 0.3333333333333333 1.0 1.0 1
fetish-art.net 2 2 1 1 2 2 1.0 1.0 0.0 0.0 1.0 1.0 1.0 0.5 0.5 1.0 1.0 1
server415.webhostingpad.com 1 1 1 1 1 1 0.0 0.0 0.0 0.0 0.0 0.5 0.5 0.5 0.5 0.5 0.5 1
list.rockauto.com 3 3 1 1 3 3 0.5 0.5 0.0 0.0 0.5 1.0 1.0 0.3333333333333333 0.3333333333333333 1.0 1.0 1
cosemsmg.org.br 3 3 2 2 3 3 1.0 1.0 1.0 1.0 1.0 1.0 1.0 0.6666666666666666 0.6666666666666666 1.0 1.0 1
dreamchild.net 2 2 1 1 2 2 1.0 1.0 0.0 0.0 1.0 1.0 1.0 0.5 0.5 1.0 1.0 1
peterpan.com 3 3 1 1 3 3 1.0 1.0 0.0 0.0 1.0 1.0 1.0 0.3333333333333333 0.3333333333333333 1.0 1.0 1
dvpmultimedia.com 2 2 1 1 2 2 1.0 1.0 0.0 0.0 1.0 1.0 1.0 0.5 0.5 1.0 1.0 1
5683.com 3 3 2 2 3 3 1.0 1.0 1.0 1.0 1.0 1.0 1.0 0.6666666666666666 0.6666666666666666 1.0 1.0 1
casemail.net 2 2 1 1 2 2 1.0 1.0 0.0 0.0 1.0 1.0 1.0 0.5 0.5 1.0 1.0 1
metzgerconsulting.com 2 2 1 1 2 2 1.0 1.0 0.0 0.0 1.0 1.0 1.0 0.5 0.5 1.0 1.0 1
stevenclark.com.au 2 2 2 2 2 2 0.0 0.0 0.0 0.0 0.0 0.6666666666666666 0.6666666666666666 0.6666666666666666 0.6666666666666666 0.6666666666666666 0.6666666666666666 1
activemeter.com 3 3 2 1 3 3 0.3333333333333333 0.3333333333333333 0.3333333333333333 0.0 0.333333333333333 0.75 0.75 0.5 0.25 0.75 0.75 1
yourride.net 4 4 1 1 4 4 1.0 1.0 0.0 0.0 1.0 1.0 1.0 0.25 0.25 1.0 1.0 1
pointroll.net 2 2 1 1 2 2 1.0 1.0 0.0 0.0 1.0 1.0 1.0 0.5 0.5 1.0 1.0 1
billkirchenbauer.com 2 3 1 1 2 2 0.0 1.0 0.0 0.0 0.0 0.6666666666666666 1.0 0.3333333333333333 0.3333333333333333 0.6666666666666666 0.6666666666666666 1
accentremodel.com 2 3 1 1 3 2 1.0 1.0 0.0 0.0 1.0 0.6666666666666666 1.0 0.3333333333333333 0.3333333333333333 1.0 0.6666666666666666 1
mageme.com 2 3 2 2 3 2 0.0 0.25 0.0 0.0 0.25 0.3333333333333333 0.5 0.3333333333333333 0.3333333333333333 0.5 0.3333333333333333 1
toy-shoppe.com 4 4 1 1 4 4 1.0 1.0 0.0 0.0 1.0 1.0 1.0 0.25 0.25 1.0 1.0 1
biointsol.com 3 3 1 1 3 3 1.0 1.0 0.0 0.0 1.0 1.0 1.0 0.3333333333333333 0.3333333333333333 1.0 1.0 1
westover.net 2 2 1 1 2 2 1.0 1.0 0.0 0.0 1.0 1.0 1.0 0.5 0.5 1.0 1.0 1
preparecontrol.net 4 4 2 2 4 3 1.0 1.0 1.0 1.0 1.0 1.0 1.0 0.5 0.5 1.0 0.75 1
mcs-selection.it 3 3 1 1 3 3 0.5 0.5 0.0 0.0 0.5 0.6 0.6 0.2 0.2 0.6 0.6 1
italia-rsi.org 1 2 1 1 2 1 1.0 1.0 0.0 0.0 1.0 0.5 1.0 0.5 0.5 1.0 0.5 1
zief.pl 3 3 3 2 3 2 1.0 1.0 1.0 1.0 1.0 1.0 1.0 1.0 0.6666666666666666 1.0 0.6666666666666666 1
dsds-art.com 3 3 1 1 3 3 1.0 1.0 0.0 0.0 1.0 1.0 1.0 0.3333333333333333 0.3333333333333333 1.0 1.0 1
gendendesign.net 2 2 1 1 2 2 1.0 1.0 0.0 0.0 1.0 1.0 1.0 0.5 0.5 1.0 1.0 1
garagebodywork.com 3 3 1 1 3 3 1.0 1.0 0.0 0.0 1.0 1.0 1.0 0.3333333333333333 0.3333333333333333 1.0 1.0 1
hostempresa.com 1 2 1 1 2 1 0.0 1.0 0.0 0.0 1.0 0.3333333333333333 0.6666666666666666 0.3333333333333333 0.3333333333333333 0.6666666666666666 0.3333333333333333 1
mr2turbo.websitewelcome.com 2 2 1 1 2 2 0.3333333333333333 0.3333333333333333 0.0 0.0 0.3333333333333333 0.6666666666666666 0.6666666666666666 0.3333333333333333 0.3333333333333333 0.6666666666666666 0.6666666666666666 1
imagewearcw.com 3 3 1 1 3 3 1.0 1.0 0.0 0.0 1.0 1.0 1.0 0.3333333333333333 0.3333333333333333 1.0 1.0 1
bleachkon.net 1 1 1 1 1 1 0.0 0.0 0.0 0.0 0.0 0.5 0.5 0.5 0.5 0.5 0.5 1
thebackcountry.net 2 2 1 1 2 2 1.0 1.0 0.0 0.0 1.0 1.0 1.0 0.5 0.5 1.0 1.0 1
uscentral16.myserverhosts.com 2 3 1 1 3 2 0.0 0.0 0.0 0.0 0.0 0.2 0.3 0.1 0.1 0.3 0.2 1
pokypaem.ru 2 3 1 1 3 2 1.0 1.0 0.0 0.0 1.0 0.6666666666666666 1.0 0.3333333333333333 0.3333333333333333 1.0 0.6666666666666666 1
foreignobject.net 2 2 1 1 2 2 1.0 1.0 0.0 0.0 1.0 1.0 1.0 0.5 0.5 1.0 1.0 1
bigriveroil.com 2 2 1 1 2 2 1.0 1.0 0.0 0.0 1.0 1.0 1.0 0.5 0.5 1.0 1.0 1
santro.websitewelcome.com 2 2 1 1 2 2 0.5 0.5 0.0 0.0 0.5 1.0 1.0 0.5 0.5 1.0 1.0 1
redhotdirectory.com 1 2 1 1 1 1 0.0 1.0 0.0 0.0 0.0 0.5 1.0 0.5 0.5 0.5 0.5 1
vicirealestate.com 4 4 1 1 4 4 0.5 0.5 0.0 0.0 0.5 1.0 1.0 0.25 0.25 1.0 1.0 1
clk.websitewelcome.com 2 2 1 1 2 2 0.5 0.5 0.0 0.0 0.5 1.0 1.0 0.5 0.5 1.0 1.0 1
nas.k12.mn.us 2 2 1 1 2 2 1.0 1.0 0.0 0.0 1.0 1.0 1.0 0.5 0.5 1.0 1.0 1
masseyclarkfischer.com 3 3 1 1 3 3 1.0 1.0 0.0 0.0 1.0 1.0 1.0 0.3333333333333333 0.3333333333333333 1.0 1.0 1
al-eds.com 1 1 1 1 1 1 0.0 0.0 0.0 0.0 0.0 0.5 0.5 0.5 0.5 0.5 0.5 1
helios.nextage.ch 2 2 1 1 2 2 0.5 0.5 0.0 0.0 0.5 1.0 1.0 0.5 0.5 1.0 1.0 1
avanti.websitewelcome.com 2 2 1 1 2 2 0.5 0.5 0.0 0.0 0.5 1.0 1.0 0.5 0.5 1.0 1.0 1
smartebusiness.co.uk 3 3 2 2 3 3 1.0 1.0 0.0 0.0 1.0 1.0 1.0 0.6666666666666666 0.6666666666666666 1.0 1.0 1
bancomercantil.com 2 2 1 1 2 2 0.5 0.5 0.0 0.0 0.5 1.0 1.0 0.5 0.5 1.0 1.0 -1
wikia.com 4 6 3 3 6 4 0.25 0.5 0.0 0.0 0.5 0.6666666666666666 1.0 0.5 0.5 1.0 0.6666666666666666 -1
cloudflare.com 3 3 1 1 3 3 0.6666666666666666 0.6666666666666666 0.0 0.0 0.6666666666666666 0.75 0.75 0.25 0.25 0.75 0.75 -1
renren.com 2 3 1 1 2 2 0.5 0.5 0.0 0.0 0.5 0.4 0.6 0.2 0.2 0.4 0.4 -1
douban.com 7 9 4 3 10 7 0.8 0.8 0.4 0.2 0.8 0.7777777777777778 1.0 0.4444444444444444 0.3333333333333333 1.1111111111111112 0.7777777777777778 -1
stack.com 2 2 1 1 2 2 0.16666666666666666 0.16666666666666666 0.0 0.0 0.16666666666666666 0.3333333333333333 0.3333333333333333 0.16666666666666666 0.16666666666666666 0.3333333333333333 0.3333333333333333 -1
orlandosentinel.com 2 2 1 1 2 2 0.0 0.0 0.0 0.0 0.0 0.03333333333333333 0.03333333333333333 0.016666666666666666 0.016666666666666666 0.03333333333333333 0.03333333333333333 -1
bunnings.com.au 2 2 1 1 2 2 0.0 0.0 0.0 0.0 0.0 0.007905138339920948 0.007905138339920948 0.003952569169960474 0.003952569169960474 0.007905138339920948 0.007905138339920948 -1
webfaction.com 1 6 2 2 4 1 0.0 0.0 0.0 0.0 0.0 0.03225806451612903 0.1935483870967742 0.06451612903225806 0.06451612903225806 0.12903225806451613 0.03225806451612903 -1
ertelecom.ru 7 6 1 1 7 6 0.3333333333333333 0.3333333333333333 0.0 0.0 0.3333333333333333 1.0 0.8571428571428571 0.14285714285714285 0.14285714285714285 1.0 0.8571428571428571 -1
tmall.com 6 16 5 3 16 6 0.15384615384615385 0.6923076923076923 0.07692307692307693 0.07692307692307693 0.6923076923076923 0.35294117647058826 0.9411764705882353 0.29411764705882354 0.17647058823529413 0.9411764705882353 0.35294117647058826 -1
indiatimes.com 3 4 3 2 4 3 0.5 0.5 0.5 0.0 0.5 0.75 1.0 0.75 0.5 1.0 0.75 -1
kia.com 2 6 2 2 2 2 0.0 0.09090909090909091 0.0 0.0 0.0 0.15384615384615385 0.46153846153846156 0.15384615384615385 0.15384615384615385 0.15384615384615385 0.15384615384615385 -1
biomedcentral.com 1 1 1 1 1 1 0.0 0.0 0.0 0.0 0.0 0.08333333333333333 0.08333333333333333 0.08333333333333333 0.08333333333333333 0.08333333333333333 0.08333333333333333 -1
fatsecret.com 2 4 1 1 4 2 0.0 0.0 0.0 0.0 0.0 0.3333333333333333 0.6666666666666666 0.16666666666666666 0.16666666666666666 0.6666666666666666 0.3333333333333333 -1
gemius.com.ua 2 2 2 1 2 2 0.0 0.0 0.0 0.0 0.0 0.11764705882352941 0.11764705882352941 0.11764705882352941 0.058823529411764705 0.11764705882352941 0.11764705882352941 -1
oracle.com 3 3 1 1 3 3 0.5 0.5 0.0 0.0 0.5 1.0 1.0 0.3333333333333333 0.3333333333333333 1.0 1.0 -1
apple-iphone.ru 1 3 1 1 3 1 0.0 0.0 0.0 0.0 0.0 0.25 0.75 0.25 0.25 0.75 0.25 -1
infibeam.com 2 4 1 1 2 2 0.0 0.6666666666666666 0.0 0.0 0.0 0.5 1.0 0.25 0.25 0.5 0.5 -1
microsoft.com 12 14 7 3 14 11 0.15384615384615385 0.23076923076923078 0.07692307692307693 0.0 0.23076923076923078 0.75 0.875 0.4375 0.1875 0.875 0.6875 -1
bayt.com 6 8 2 1 6 5 0.0 0.0 0.0 0.0 0.0 0.1875 0.25 0.0625 0.03125 0.1875 0.15625 -1
eyny.com 3 12 2 2 8 3 0.18181818181818182 0.18181818181818182 0.09090909090909091 0.09090909090909091 0.18181818181818182 0.17647058823529413 0.7058823529411765 0.11764705882352941 0.11764705882352941 0.47058823529411764 0.17647058823529413 -1
redbox.com 2 2 1 1 2 2 0.5 0.5 0.0 0.0 0.5 1.0 1.0 0.5 0.5 1.0 1.0 -1
xbox.com 2 2 1 1 2 2 0.5 0.5 0.0 0.0 0.5 1.0 1.0 0.5 0.5 1.0 1.0 -1
motorola.com 2 2 2 2 1 2 0.0 0.0 0.0 0.0 0.0 0.06451612903225806 0.06451612903225806 0.06451612903225806 0.06451612903225806 0.03225806451612903 0.06451612903225806 -1
worldcarfans.com 2 4 2 2 3 2 0.0 0.3333333333333333 0.0 0.0 0.0 0.5 1.0 0.5 0.5 0.75 0.5 -1
qtrax.com 3 6 2 1 4 3 0.25 0.5 0.25 0.0 0.5 0.3 0.6 0.2 0.1 0.4 0.3 -1
xxx.com 7 7 3 2 5 7 0.2 0.2 0.0 0.0 0.2 1.0 1.0 0.42857142857142855 0.2857142857142857 0.7142857142857143 1.0 -1
qcomment.ru 2 2 2 1 2 2 0.5 0.5 0.5 0.0 0.5 1.0 1.0 1.0 0.5 1.0 1.0 -1
mailchimp.com 5 5 1 1 5 5 0.2 0.2 0.0 0.0 0.2 0.8333333333333334 0.8333333333333334 0.16666666666666666 0.16666666666666666 0.8333333333333334 0.8333333333333334 -1
trulia.com 9 15 4 2 13 9 0.8888888888888888 0.8888888888888888 0.2222222222222222 0.0 0.8888888888888888 0.5294117647058824 0.8823529411764706 0.23529411764705882 0.11764705882352941 0.7647058823529411 0.5294117647058824 -1
1111.com.tw 2 2 2 1 2 2 0.5 0.5 0.5 0.0 0.5 1.0 1.0 1.0 0.5 1.0 1.0 -1
daniweb.com 1 2 1 1 2 1 0.0 0.0 0.0 0.0 0.0 0.1111111111111111 0.2222222222222222 0.1111111111111111 0.1111111111111111 0.2222222222222222 0.1111111111111111 -1
samsung.com 3 3 3 3 3 3 0.5 0.5 0.5 0.5 0.5 1.0 1.0 1.0 1.0 1.0 1.0 -1
prlog.org 3 3 1 1 3 3 0.5 0.5 0.0 0.0 0.5 1.0 1.0 0.3333333333333333 0.3333333333333333 1.0 1.0 -1
cabelas.com 2 3 1 1 3 2 0.0 0.0 0.0 0.0 0.0 0.2222222222222222 0.3333333333333333 0.1111111111111111 0.1111111111111111 0.3333333333333333 0.2222222222222222 -1
flipkart.com 4 7 3 3 7 4 0.2 0.2 0.0 0.0 0.2 0.4 0.7 0.3 0.3 0.7 0.4 -1
ikea.com 3 5 4 3 5 3 0.25 0.75 0.5 0.5 0.75 0.6 1.0 0.8 0.6 1.0 0.6 -1
marca.com 7 18 5 3 16 7 0.21428571428571427 0.7857142857142857 0.07142857142857142 0.07142857142857142 0.7857142857142857 0.3333333333333333 0.8571428571428571 0.23809523809523808 0.14285714285714285 0.7619047619047619 0.3333333333333333 -1
masterhost.ru 2 3 1 1 3 2 0.2 0.2 0.0 0.0 0.2 0.4 0.6 0.2 0.2 0.6 0.4 -1
zattoo.com 2 2 2 2 2 2 0.0 0.0 0.0 0.0 0.0 0.11764705882352941 0.11764705882352941 0.11764705882352941 0.11764705882352941 0.11764705882352941 0.11764705882352941 -1
propellerads.com 2 3 2 1 3 2 0.0 0.5 0.0 0.0 0.5 0.6666666666666666 1.0 0.6666666666666666 0.3333333333333333 1.0 0.6666666666666666 -1
hao123.com 4 16 5 3 13 4 0.5 0.5 0.0 0.0 0.5 0.16 0.64 0.2 0.12 0.52 0.16 -1
drudgereport.com 3 3 1 1 3 3 0.5 0.5 0.0 0.0 0.5 1.0 1.0 0.3333333333333333 0.3333333333333333 1.0 1.0 -1
motherless.com 3 3 2 1 3 3 0.2 0.2 0.0 0.0 0.2 0.6 0.6 0.4 0.2 0.6 0.6 -1
proboards.com 2 6 1 1 6 2 0.0 0.0 0.0 0.0 0.0 0.038461538461538464 0.11538461538461539 0.019230769230769232 0.019230769230769232 0.11538461538461539 0.038461538461538464 -1
fiverr.com 3 4 1 1 4 3 0.3333333333333333 0.6666666666666666 0.0 0.0 0.6666666666666666 0.75 1.0 0.25 0.25 1.0 0.75 -1
snapdeal.com 6 8 2 2 8 6 0.5714285714285714 0.8571428571428571 0.0 0.0 0.8571428571428571 0.75 1.0 0.25 0.25 1.0 0.75 -1
aerolineas.com.ar 1 2 1 1 2 1 0.0 0.5 0.0 0.0 0.5 0.5 1.0 0.5 0.5 1.0 0.5 -1
zedo.com 3 4 2 2 4 3 0.5 0.5 0.0 0.0 0.5 0.75 1.0 0.5 0.5 1.0 0.75 -1
backpage.com 2 2 1 1 2 2 0.125 0.125 0.0 0.0 0.125 0.16666666666666666 0.16666666666666666 0.08333333333333333 0.08333333333333333 0.16666666666666666 0.16666666666666666 -1
1stdibs.com 1 2 1 1 2 1 0.0 0.5 0.0 0.0 0.5 0.3333333333333333 0.6666666666666666 0.3333333333333333 0.3333333333333333 0.6666666666666666 0.3333333333333333 -1
publix.com 1 1 1 1 1 1 0.0 0.0 0.0 0.0 0.0 0.5 0.5 0.5 0.5 0.5 0.5 -1
gumtree.com.au 2 2 2 2 2 2 0.5 0.5 0.5 0.5 0.5 1.0 1.0 1.0 1.0 1.0 1.0 -1
babytree.com 3 5 2 2 5 3 0.0 0.0 0.0 0.0 0.0 0.5 0.8333333333333334 0.3333333333333333 0.3333333333333333 0.8333333333333334 0.5 -1
webex.com 2 3 2 2 3 1 0.5 0.5 0.5 0.5 0.5 0.6666666666666666 1.0 0.6666666666666666 0.6666666666666666 1.0 0.3333333333333333 -1
leaseweb.com 3 10 3 2 10 3 0.0 0.0 0.0 0.0 0.0 0.04838709677419355 0.16129032258064516 0.04838709677419355 0.03225806451612903 0.16129032258064516 0.04838709677419355 -1
cnzz.com 3 7 4 3 7 3 0.5 0.5 0.5 0.5 0.5 0.42857142857142855 1.0 0.5714285714285714 0.42857142857142855 1.0 0.42857142857142855 -1
hec.gov.pk 3 4 2 2 3 3 0.0 0.0 0.0 0.0 0.0 0.01171875 0.015625 0.0078125 0.0078125 0.01171875 0.01171875 -1
zerohedge.com 2 2 2 1 2 2 0.0 0.0 0.0 0.0 0.0 0.08333333333333333 0.08333333333333333 0.08333333333333333 0.041666666666666664 0.08333333333333333 0.08333333333333333 -1
vk.com 7 7 3 2 6 6 0.4 0.4 0.4 0.2 0.4 0.7777777777777778 0.7777777777777778 0.3333333333333333 0.2222222222222222 0.6666666666666666 0.6666666666666666 -1
vimeo.com 7 8 4 3 11 7 0.3333333333333333 0.5 0.0 0.0 0.5 0.7777777777777778 0.8888888888888888 0.4444444444444444 0.3333333333333333 1.2222222222222223 0.7777777777777778 -1
naukri.com 5 10 2 2 9 5 0.75 0.75 0.0 0.0 0.75 0.5 1.0 0.2 0.2 0.9 0.5 -1
evernote.com 2 2 1 1 2 2 0.5 0.5 0.0 0.0 0.5 0.6666666666666666 0.6666666666666666 0.3333333333333333 0.3333333333333333 0.6666666666666666 0.6666666666666666 -1
buyhatke.com 1 3 1 1 1 1 0.0 1.0 0.0 0.0 0.0 0.3333333333333333 1.0 0.3333333333333333 0.3333333333333333 0.3333333333333333 0.3333333333333333 -1
zippyshare.com 2 5 2 2 5 2 0.5 0.5 0.5 0.5 0.5 0.4 1.0 0.4 0.4 1.0 0.4 -1
godaddy.com 5 5 2 2 5 5 0.25 0.25 0.0 0.0 0.25 1.0 1.0 0.4 0.4 1.0 1.0 -1
mastercard.com 3 4 2 2 4 3 0.5 0.5 0.25 0.25 0.5 0.6 0.8 0.4 0.4 0.8 0.6 -1
espnfc.com 3 4 1 1 4 3 0.5 0.5 0.0 0.0 0.5 0.75 1.0 0.25 0.25 1.0 0.75 -1
alipay.com 3 5 4 3 5 3 0.6666666666666666 1.0 0.6666666666666666 0.6666666666666666 1.0 0.6 1.0 0.8 0.6 1.0 0.6 -1
llbean.com 1 4 1 1 1 1 0.0 0.0 0.0 0.0 0.0 0.16666666666666666 0.6666666666666666 0.16666666666666666 0.16666666666666666 0.16666666666666666 0.16666666666666666 -1
gsmarena.com 3 4 2 2 4 3 0.6666666666666666 1.0 0.6666666666666666 0.6666666666666666 1.0 0.75 1.0 0.5 0.5 1.0 0.75 -1
hsbc.com.hk 1 2 1 1 1 1 0.0 0.5 0.0 0.0 0.0 0.5 1.0 0.5 0.5 0.5 0.5 -1
cb-asahi.co.jp 3 3 1 1 2 3 0.0 0.0 0.0 0.0 0.0 0.375 0.375 0.125 0.125 0.25 0.375 -1
serverdata.net 1 3 1 1 3 1 0.0 0.0 0.0 0.0 0.0 0.0016750418760469012 0.005025125628140704 0.0016750418760469012 0.0016750418760469012 0.005025125628140704 0.0016750418760469012 -1
michaelkors.com 2 4 1 1 4 2 0.0 0.25 0.0 0.0 0.25 0.4 0.8 0.2 0.2 0.8 0.4 -1
deviantart.com 7 10 5 4 9 6 0.5555555555555556 0.8888888888888888 0.3333333333333333 0.2222222222222222 0.6666666666666666 0.5833333333333334 0.8333333333333334 0.4166666666666667 0.3333333333333333 0.75 0.5 -1
gov.on.ca 1 2 1 1 1 1 0.0 0.006329113924050633 0.0 0.0 0.0 0.006329113924050633 0.012658227848101266 0.006329113924050633 0.006329113924050633 0.006329113924050633 0.006329113924050633 -1
hostgator.com 6 17 1 1 10 6 0.08695652173913043 0.08695652173913043 0.0 0.0 0.08695652173913043 0.25 0.7083333333333334 0.041666666666666664 0.041666666666666664 0.4166666666666667 0.25 -1
pmi.org 2 3 1 1 3 2 0.5 0.5 0.0 0.0 0.5 0.6666666666666666 1.0 0.3333333333333333 0.3333333333333333 1.0 0.6666666666666666 -1
goodgamestudios.com 2 3 2 2 3 2 0.5 0.5 0.5 0.5 0.5 0.6666666666666666 1.0 0.6666666666666666 0.6666666666666666 1.0 0.6666666666666666 -1
makeup.com.ua 1 1 1 1 1 1 0.0 0.0 0.0 0.0 0.0 0.034482758620689655 0.034482758620689655 0.034482758620689655 0.034482758620689655 0.034482758620689655 0.034482758620689655 -1
leetcode.com 3 3 1 1 3 3 0.5 0.5 0.0 0.0 0.5 1.0 1.0 0.3333333333333333 0.3333333333333333 1.0 1.0 -1
sagawa-exp.co.jp 2 2 1 1 2 2 0.3333333333333333 0.3333333333333333 0.0 0.0 0.3333333333333333 0.6666666666666666 0.6666666666666666 0.3333333333333333 0.3333333333333333 0.6666666666666666 0.6666666666666666 -1
cams.com 2 2 1 1 2 2 0.5 0.5 0.0 0.0 0.5 1.0 1.0 0.5 0.5 1.0 1.0 -1
farpost.ru 2 3 1 1 2 2 0.0 0.0 0.0 0.0 0.0 0.5 0.75 0.25 0.25 0.5 0.5 -1
aciprensa.com 2 2 1 1 2 2 0.3333333333333333 0.3333333333333333 0.0 0.0 0.3333333333333333 0.6666666666666666 0.6666666666666666 0.3333333333333333 0.3333333333333333 0.6666666666666666 0.6666666666666666 -1
github.com 4 9 3 2 8 4 0.2 0.2 0.0 0.0 0.2 0.4 0.9 0.3 0.2 0.8 0.4 -1
mediafire.com 3 5 2 2 5 3 0.3333333333333333 0.6666666666666666 0.3333333333333333 0.3333333333333333 0.6666666666666666 0.6 1.0 0.4 0.4 1.0 0.6 -1
ehow.com 2 5 1 1 5 2 0.3333333333333333 0.6666666666666666 0.0 0.0 0.6666666666666666 0.4 1.0 0.2 0.2 1.0 0.4 -1
rediff.com 3 4 1 1 4 3 0.3333333333333333 0.6666666666666666 0.0 0.0 0.6666666666666666 0.75 1.0 0.25 0.25 1.0 0.75 -1
site5.com 3 3 1 1 3 3 0.0 0.0 0.0 0.0 0.0 0.6 0.6 0.2 0.2 0.6 0.6 -1
infojobs.net 3 3 3 2 3 2 0.5 0.5 0.5 0.5 0.5 1.0 1.0 1.0 0.6666666666666666 1.0 0.6666666666666666 -1
tvbs.com.tw 2 6 1 1 3 2 0.0 0.0425531914893617 0.0 0.0 0.0425531914893617 0.041666666666666664 0.125 0.020833333333333332 0.020833333333333332 0.0625 0.041666666666666664 -1
collegeboard.com 1 1 1 1 1 0 0.0 0.0 0.0 0.0 0.0 0.5 0.5 0.5 0.5 0.5 0.0 -1
puma.com 3 3 1 1 3 3 0.3333333333333333 0.3333333333333333 0.0 0.0 0.3333333333333333 0.75 0.75 0.25 0.25 0.75 0.75 -1
digitalocean.com 3 5 2 2 5 3 0.0 0.5 0.0 0.0 0.5 0.6 1.0 0.4 0.4 1.0 0.6 -1
livesoccertv.com 2 3 1 1 3 2 0.3333333333333333 0.3333333333333333 0.0 0.0 0.3333333333333333 0.5 0.75 0.25 0.25 0.75 0.5 -1
allstate.com 2 3 1 1 2 2 0.5 0.5 0.0 0.0 0.5 0.6666666666666666 1.0 0.3333333333333333 0.3333333333333333 0.6666666666666666 0.6666666666666666 -1
baidu.com 9 17 5 3 17 9 0.1111111111111111 0.2777777777777778 0.1111111111111111 0.1111111111111111 0.2777777777777778 0.4090909090909091 0.7727272727272727 0.22727272727272727 0.13636363636363635 0.7727272727272727 0.4090909090909091 -1
bizcommunity.com 2 4 1 1 3 2 0.0 0.0 0.0 0.0 0.0 0.2222222222222222 0.4444444444444444 0.1111111111111111 0.1111111111111111 0.3333333333333333 0.2222222222222222 -1
fangraphs.com 1 4 1 1 4 1 0.0 0.1111111111111111 0.0 0.0 0.1111111111111111 0.1111111111111111 0.4444444444444444 0.1111111111111111 0.1111111111111111 0.4444444444444444 0.1111111111111111 -1
nytimes.com 3 3 1 1 3 3 0.5 0.5 0.0 0.0 0.5 1.0 1.0 0.3333333333333333 0.3333333333333333 1.0 1.0 -1
paltalk.com 3 3 1 1 3 3 0.5 0.5 0.0 0.0 0.5 1.0 1.0 0.3333333333333333 0.3333333333333333 1.0 1.0 -1
bongacams.com 2 2 1 1 2 2 0.3333333333333333 0.3333333333333333 0.0 0.0 0.3333333333333333 0.4 0.4 0.2 0.2 0.4 0.4 -1
sex.com 2 2 2 2 2 2 0.5 0.5 0.5 0.5 0.5 0.6666666666666666 0.6666666666666666 0.6666666666666666 0.6666666666666666 0.6666666666666666 0.6666666666666666 -1
ebay.com 5 7 2 2 6 5 0.4 0.6 0.0 0.0 0.6 0.5555555555555556 0.7777777777777778 0.2222222222222222 0.2222222222222222 0.6666666666666666 0.5555555555555556 -1
canstockphoto.com 2 3 2 1 3 2 0.0 0.5 0.0 0.0 0.5 0.6666666666666666 1.0 0.6666666666666666 0.3333333333333333 1.0 0.6666666666666666 -1
stamps.com 1 2 1 1 1 1 0.0 0.0 0.0 0.0 0.0 0.5 1.0 0.5 0.5 0.5 0.5 -1
andro4all.com 1 2 1 1 2 1 0.0 1.0 0.0 0.0 1.0 0.3333333333333333 0.6666666666666666 0.3333333333333333 0.3333333333333333 0.6666666666666666 0.3333333333333333 -1
fluidsurveys.com 2 2 2 1 2 2 0.0 0.0 0.0 0.0 0.0 0.6666666666666666 0.6666666666666666 0.6666666666666666 0.3333333333333333 0.6666666666666666 0.6666666666666666 -1
kpmg.com 2 2 2 2 2 2 0.0 0.0 0.0 0.0 0.0 0.4 0.4 0.4 0.4 0.4 0.4 -1
rapidgator.net 3 4 3 1 3 3 0.0 0.0 0.0 0.0 0.0 0.2 0.26666666666666666 0.2 0.06666666666666667 0.2 0.2 -1
kizlarsoruyor.com 1 2 1 1 2 1 0.0 0.0 0.0 0.0 0.0 0.05263157894736842 0.10526315789473684 0.05263157894736842 0.05263157894736842 0.10526315789473684 0.05263157894736842 -1
itu.edu.tr 1 1 1 1 1 1 0.0 0.0 0.0 0.0 0.0 0.3333333333333333 0.3333333333333333 0.3333333333333333 0.3333333333333333 0.3333333333333333 0.3333333333333333 -1
tvzavr.ru 2 2 1 1 2 2 0.0 0.0 0.0 0.0 0.0 0.3333333333333333 0.3333333333333333 0.16666666666666666 0.16666666666666666 0.3333333333333333 0.3333333333333333 -1
arabseed.com 2 3 2 2 3 2 0.0 0.5 0.0 0.0 0.5 0.6666666666666666 1.0 0.6666666666666666 0.6666666666666666 1.0 0.6666666666666666 -1
pchome.com.tw 3 3 1 1 2 3 0.0 0.0 0.0 0.0 0.0 0.01195219123505976 0.01195219123505976 0.00398406374501992 0.00398406374501992 0.00796812749003984 0.01195219123505976 -1
amadeus.com 4 4 3 2 2 4 0.3333333333333333 0.3333333333333333 0.3333333333333333 0.3333333333333333 0.0 1.0 1.0 0.75 0.5 0.5 1.0 -1
tudocelular.com 2 2 1 1 2 2 0.0 0.0 0.0 0.0 0.0 0.6666666666666666 0.6666666666666666 0.3333333333333333 0.3333333333333333 0.6666666666666666 0.6666666666666666 -1
fgv.br 2 2 2 2 2 2 0.0 0.0 0.0 0.0 0.0 0.5 0.5 0.5 0.5 0.5 0.5 -1
naver.com 3 7 3 2 6 3 0.3333333333333333 0.6666666666666666 0.3333333333333333 0.0 0.6666666666666666 0.42857142857142855 1.0 0.42857142857142855 0.2857142857142857 0.8571428571428571 0.42857142857142855 -1
news.am 1 1 1 1 1 1 0.0 0.0 0.0 0.0 0.0 0.5 0.5 0.5 0.5 0.5 0.5 -1
blogfa.com 3 5 2 2 5 3 0.3333333333333333 0.6666666666666666 0.3333333333333333 0.3333333333333333 0.6666666666666666 0.6 1.0 0.4 0.4 1.0 0.6 -1
stackoverflow.com 6 4 3 2 6 5 0.003937007874015748 0.003937007874015748 0.001968503937007874 0.001968503937007874 0.003937007874015748 0.011811023622047244 0.007874015748031496 0.005905511811023622 0.003937007874015748 0.011811023622047244 0.00984251968503937 -1
heroeswm.ru 2 2 2 2 2 2 0.0 0.0 0.0 0.0 0.0 0.6666666666666666 0.6666666666666666 0.6666666666666666 0.6666666666666666 0.6666666666666666 0.6666666666666666 -1
aol.com 4 4 2 2 6 4 0.0 1.0 0.0 0.0 1.0 1.0 1.0 0.5 0.5 1.5 1.0 -1
banki.ru 2 3 1 1 3 2 0.0 0.0 0.0 0.0 0.0 0.3333333333333333 0.5 0.16666666666666666 0.16666666666666666 0.5 0.3333333333333333 -1
wordpress.org 3 4 1 1 4 3 0.0 0.0 0.0 0.0 0.0 0.007978723404255319 0.010638297872340425 0.0026595744680851063 0.0026595744680851063 0.010638297872340425 0.007978723404255319 -1
sonicrun.com 1 2 1 1 2 1 0.0 0.5 0.0 0.0 0.5 0.5 1.0 0.5 0.5 1.0 0.5 -1
getpaint.net 1 1 1 1 1 1 0.0 0.0 0.0 0.0 0.0 0.5 0.5 0.5 0.5 0.5 0.5 -1
createsend.com 1 1 1 1 1 1 0.0 0.0 0.0 0.0 0.0 0.5 0.5 0.5 0.5 0.5 0.5 -1
ytower.com.tw 2 2 2 2 2 2 0.0 0.0 0.0 0.0 0.0 0.6666666666666666 0.6666666666666666 0.6666666666666666 0.6666666666666666 0.6666666666666666 0.6666666666666666 -1
badoo.com 5 7 4 2 7 5 0.08333333333333333 0.08333333333333333 0.08333333333333333 0.08333333333333333 0.08333333333333333 0.3125 0.4375 0.25 0.125 0.4375 0.3125 -1
ninemsn.com.au 1 1 1 1 1 1 0.0 0.0 0.0 0.0 0.0 0.2 0.2 0.2 0.2 0.2 0.2 -1
ekstrabladet.dk 3 3 2 2 3 3 0.6666666666666666 0.6666666666666666 0.0 0.0 0.6666666666666666 0.75 0.75 0.5 0.5 0.75 0.75 -1
1news.az 2 2 2 2 2 2 0.3333333333333333 0.3333333333333333 0.3333333333333333 0.3333333333333333 0.3333333333333333 0.5 0.5 0.5 0.5 0.5 0.5 -1
xunlei.com 3 3 3 3 3 3 0.5 0.5 0.5 0.5 0.5 1.0 1.0 1.0 1.0 1.0 1.0 -1
chipotle.com 3 3 1 1 3 3 0.0 0.0 0.0 0.0 0.0 0.75 0.75 0.25 0.25 0.75 0.75 -1
linkshare.com 2 4 1 1 4 2 0.0 1.0 0.0 0.0 1.0 0.5 1.0 0.25 0.25 1.0 0.5 -1
soundcloud.com 2 3 3 2 3 2 0.3333333333333333 0.3333333333333333 0.3333333333333333 0.3333333333333333 0.3333333333333333 0.5 0.75 0.75 0.5 0.75 0.5 -1
hindawi.com 3 5 1 1 5 3 0.25 0.25 0.0 0.0 0.25 0.6 1.0 0.2 0.2 1.0 0.6 -1
asus.com 2 3 1 1 2 2 0.0 0.0 0.0 0.0 0.0 0.06896551724137931 0.10344827586206896 0.034482758620689655 0.034482758620689655 0.06896551724137931 0.06896551724137931 -1
mochahost.com 2 5 1 1 5 2 0.0 0.2 0.0 0.0 0.2 0.4 1.0 0.2 0.2 1.0 0.4 -1
stumbleupon.com 4 7 1 1 6 4 0.2 0.2 0.0 0.0 0.2 0.5 0.875 0.125 0.125 0.75 0.5 -1
zoom.us 2 2 1 1 2 2 0.0 0.0 0.0 0.0 0.0 0.6666666666666666 0.6666666666666666 0.3333333333333333 0.3333333333333333 0.6666666666666666 0.6666666666666666 -1
kakaku.com 2 9 2 2 7 2 0.3333333333333333 0.6666666666666666 0.3333333333333333 0.3333333333333333 0.6666666666666666 0.2 0.9 0.2 0.2 0.7 0.2 -1
tcs.com 1 2 1 1 2 1 0.0 0.3333333333333333 0.0 0.0 0.3333333333333333 0.3333333333333333 0.6666666666666666 0.3333333333333333 0.3333333333333333 0.6666666666666666 0.3333333333333333 -1
fxclub.org 3 3 2 2 3 3 0.0 0.0 0.0 0.0 0.0 0.2727272727272727 0.2727272727272727 0.18181818181818182 0.18181818181818182 0.2727272727272727 0.2727272727272727 -1
southwest.com 2 2 1 1 1 2 0.5 0.5 0.0 0.0 0.0 1.0 1.0 0.5 0.5 0.5 1.0 -1
payeer.com 2 3 2 1 3 2 0.0 0.5 0.0 0.0 0.5 0.6666666666666666 1.0 0.6666666666666666 0.3333333333333333 1.0 0.6666666666666666 -1
bluehost.com 4 5 2 2 4 4 1.0 1.0 0.0 0.0 1.0 0.5714285714285714 0.7142857142857143 0.2857142857142857 0.2857142857142857 0.5714285714285714 0.5714285714285714 -1
harvestapp.com 2 3 1 1 2 2 0.0 0.5 0.0 0.0 0.0 0.6666666666666666 1.0 0.3333333333333333 0.3333333333333333 0.6666666666666666 0.6666666666666666 -1
21cn.com 3 3 2 2 3 3 0.5 0.5 0.5 0.5 0.5 0.75 0.75 0.5 0.5 0.75 0.75 -1
articlesbase.com 2 2 1 1 2 2 0.0 0.0 0.0 0.0 0.0 0.5 0.5 0.25 0.25 0.5 0.5 -1
taleo.net 5 12 3 2 9 5 0.25 0.875 0.125 0.125 0.625 0.4166666666666667 1.0 0.25 0.16666666666666666 0.75 0.4166666666666667 -1
linkomanija.net 1 1 1 1 1 1 0.0 0.0 0.0 0.0 0.0 0.5 0.5 0.5 0.5 0.5 0.5 -1
comcast.com 3 3 1 1 3 3 0.5 0.5 0.0 0.0 0.5 1.0 1.0 0.3333333333333333 0.3333333333333333 1.0 1.0 -1
zoon.ru 1 2 1 1 2 1 0.0 0.5 0.0 0.0 0.5 0.5 1.0 0.5 0.5 1.0 0.5 -1
cuny.edu 2 3 1 1 2 2 0.14285714285714285 0.14285714285714285 0.0 0.0 0.14285714285714285 0.2857142857142857 0.42857142857142855 0.14285714285714285 0.14285714285714285 0.2857142857142857 0.2857142857142857 -1
zimbio.com 1 3 1 1 3 1 0.0 0.0 0.0 0.0 0.0 0.03225806451612903 0.0967741935483871 0.03225806451612903 0.03225806451612903 0.0967741935483871 0.03225806451612903 -1
enom.com 2 6 1 1 3 2 0.0 0.08333333333333333 0.0 0.0 0.0 0.15384615384615385 0.46153846153846156 0.07692307692307693 0.07692307692307693 0.23076923076923078 0.15384615384615385 -1
itesm.mx 1 2 1 1 1 1 0.0 0.0 0.0 0.0 0.0 0.16666666666666666 0.3333333333333333 0.16666666666666666 0.16666666666666666 0.16666666666666666 0.16666666666666666 -1
att.com 4 7 1 1 3 4 0.0 0.2222222222222222 0.0 0.0 0.0 0.4 0.7 0.1 0.1 0.3 0.4 -1
adobe.com 5 7 2 2 7 5 0.6666666666666666 0.6666666666666666 0.3333333333333333 0.3333333333333333 0.6666666666666666 0.7142857142857143 1.0 0.2857142857142857 0.2857142857142857 1.0 0.7142857142857143 -1
blackhatworld.com 2 3 1 1 2 2 0.5 0.5 0.0 0.0 0.5 0.6666666666666666 1.0 0.3333333333333333 0.3333333333333333 0.6666666666666666 0.6666666666666666 -1
yesstyle.com 3 8 2 1 8 3 0.0 0.09090909090909091 0.0 0.0 0.09090909090909091 0.25 0.6666666666666666 0.16666666666666666 0.08333333333333333 0.6666666666666666 0.25 -1
idealista.com 1 3 2 1 3 1 0.0 1.0 1.0 0.0 1.0 0.3333333333333333 1.0 0.6666666666666666 0.3333333333333333 1.0 0.3333333333333333 -1
gravatar.com 2 2 1 1 2 2 0.0 0.0 0.0 0.0 0.0 0.10526315789473684 0.10526315789473684 0.05263157894736842 0.05263157894736842 0.10526315789473684 0.10526315789473684 -1
bitcointalk.org 2 2 2 2 2 2 0.0 0.0 0.0 0.0 0.0 0.6666666666666666 0.6666666666666666 0.6666666666666666 0.6666666666666666 0.6666666666666666 0.6666666666666666 -1
pbworks.com 2 2 1 1 2 2 0.3333333333333333 0.3333333333333333 0.0 0.0 0.3333333333333333 0.6666666666666666 0.6666666666666666 0.3333333333333333 0.3333333333333333 0.6666666666666666 0.6666666666666666 -1
topvisor.ru 3 9 2 1 6 3 0.0 0.1 0.0 0.0 0.1 0.25 0.75 0.16666666666666666 0.08333333333333333 0.5 0.25 -1
linkbucks.com 3 4 1 1 4 3 0.3333333333333333 1.0 0.0 0.0 1.0 0.75 1.0 0.25 0.25 1.0 0.75 -1
wnyc.org 3 3 1 1 3 3 0.5 0.5 0.0 0.0 0.5 1.0 1.0 0.3333333333333333 0.3333333333333333 1.0 1.0 -1
boyner.com.tr 1 3 1 1 2 1 0.0 0.0 0.0 0.0 0.0 0.015384615384615385 0.046153846153846156 0.015384615384615385 0.015384615384615385 0.03076923076923077 0.015384615384615385 -1
mail.com 7 8 7 2 7 7 0.3333333333333333 0.3333333333333333 0.3333333333333333 0.16666666666666666 0.3333333333333333 0.7 0.8 0.7 0.2 0.7 0.7 -1
10best.com 2 2 1 1 2 2 0.0 0.0 0.0 0.0 0.0 0.2222222222222222 0.2222222222222222 0.1111111111111111 0.1111111111111111 0.2222222222222222 0.2222222222222222 -1
belkin.com 4 4 2 2 4 3 0.0 0.0 0.0 0.0 0.0 0.010050251256281407 0.010050251256281407 0.005025125628140704 0.005025125628140704 0.010050251256281407 0.007537688442211055 -1
foxnews.com 4 4 1 1 4 4 0.25 0.25 0.0 0.0 0.25 0.8 0.8 0.2 0.2 0.8 0.8 -1
apimages.com 1 1 1 1 1 1 0.0 0.0 0.0 0.0 0.0 0.5 0.5 0.5 0.5 0.5 0.5 -1
wow.com 2 5 2 2 1 2 0.0 0.16666666666666666 0.0 0.0 0.0 0.25 0.625 0.25 0.25 0.125 0.25 -1
forbes.com 6 8 3 3 8 6 0.5 0.75 0.125 0.125 0.75 0.6666666666666666 0.8888888888888888 0.3333333333333333 0.3333333333333333 0.8888888888888888 0.6666666666666666 -1
zigsow.jp 1 1 1 1 1 1 0.0 0.0 0.0 0.0 0.0 0.5 0.5 0.5 0.5 0.5 0.5 -1
ya.ru 4 7 2 2 7 4 0.16666666666666666 0.16666666666666666 0.16666666666666666 0.16666666666666666 0.16666666666666666 0.5714285714285714 1.0 0.2857142857142857 0.2857142857142857 1.0 0.5714285714285714 -1
reference.com 3 3 1 1 3 3 0.5 0.5 0.0 0.0 0.5 1.0 1.0 0.3333333333333333 0.3333333333333333 1.0 1.0 -1
open.ac.uk 1 1 1 1 1 1 0.0 0.0 0.0 0.0 0.0 0.25 0.25 0.25 0.25 0.25 0.25 -1
track-trace.com 2 4 1 1 4 2 0.0 0.6666666666666666 0.0 0.0 0.6666666666666666 0.5 1.0 0.25 0.25 1.0 0.5 -1
msn.com 2 2 1 1 2 2 0.5 0.5 0.0 0.0 0.5 0.6666666666666666 0.6666666666666666 0.3333333333333333 0.3333333333333333 0.6666666666666666 0.6666666666666666 -1
labtestsonline.org 3 3 1 1 3 2 0.5 0.5 0.0 0.0 0.5 1.0 1.0 0.3333333333333333 0.3333333333333333 1.0 0.6666666666666666 -1
paypal.com 4 5 3 2 5 4 0.0 0.3333333333333333 0.0 0.0 0.3333333333333333 0.6666666666666666 0.8333333333333334 0.5 0.3333333333333333 0.8333333333333334 0.6666666666666666 -1
mayoclinic.com 1 1 1 1 1 1 0.0 0.0 0.0 0.0 0.0 0.5 0.5 0.5 0.5 0.5 0.5 -1
putlocker.com 3 3 3 2 3 3 0.3333333333333333 0.3333333333333333 0.3333333333333333 0.0 0.3333333333333333 0.75 0.75 0.75 0.5 0.75 0.75 -1
yandex.com 2 2 1 1 2 2 0.5 0.5 0.0 0.0 0.5 0.6666666666666666 0.6666666666666666 0.3333333333333333 0.3333333333333333 0.6666666666666666 0.6666666666666666 -1
akismet.com 3 4 1 1 3 3 0.08333333333333333 0.16666666666666666 0.0 0.0 0.08333333333333333 0.25 0.3333333333333333 0.08333333333333333 0.08333333333333333 0.25 0.25 -1
onet.pl 3 3 2 1 3 3 0.5 0.5 0.5 0.0 0.5 1.0 1.0 0.6666666666666666 0.3333333333333333 1.0 1.0 -1
wikihow.com 2 2 1 1 2 2 1.0 1.0 0.0 0.0 1.0 0.6666666666666666 0.6666666666666666 0.3333333333333333 0.3333333333333333 0.6666666666666666 0.6666666666666666 -1
qq.com 7 27 5 3 18 7 0.5 0.5 0.0 0.0 0.5 0.15555555555555556 0.6 0.1111111111111111 0.06666666666666667 0.4 0.15555555555555556 -1
key.com 1 2 1 1 1 1 0.0 1.0 0.0 0.0 0.0 0.3333333333333333 0.6666666666666666 0.3333333333333333 0.3333333333333333 0.3333333333333333 0.3333333333333333 -1
formstack.com 1 1 1 1 1 1 0.0 0.0 0.0 0.0 0.0 0.09090909090909091 0.09090909090909091 0.09090909090909091 0.09090909090909091 0.09090909090909091 0.09090909090909091 -1
rambler.ru 3 5 1 1 4 3 0.25 0.5 0.0 0.0 0.5 0.6 1.0 0.2 0.2 0.8 0.6 -1