hangfire.net 3 3 1 1 3 3 1.0 1.0 0.0 0.0 1.0 1.0 1.0 0.3333333333333333 0.3333333333333333 1.0 1.0
ezevents.net 3 3 2 2 3 2 0.5 0.5 0.5 0.5 0.5 1.0 1.0 0.6666666666666666 0.6666666666666666 1.0 0.6666666666666666
johnmarshallfoundation.org 3 3 1 1 3 3 1.0 1.0 0.0 0.0 1.0 1.0 1.0 0.3333333333333333 0.3333333333333333 1.0 1.0
simtech.gliwice.pl 2 2 2 1 2 2 0.0 0.0 0.0 0.0 0.0 0.6666666666666666 0.6666666666666666 0.6666666666666666 0.3333333333333333 0.6666666666666666 0.6666666666666666
storyguide.net 1 2 1 1 2 1 0.0 1.0 0.0 0.0 1.0 0.3333333333333333 0.6666666666666666 0.3333333333333333 0.3333333333333333 0.6666666666666666 0.3333333333333333
fresche.net 3 3 1 1 3 3 1.0 1.0 0.0 0.0 1.0 1.0 1.0 0.3333333333333333 0.3333333333333333 1.0 1.0
dariostoka.com 2 3 1 1 3 2 1.0 1.0 0.0 0.0 1.0 0.6666666666666666 1.0 0.3333333333333333 0.3333333333333333 1.0 0.6666666666666666
estate.websitewelcome.com 2 2 1 1 2 2 1.0 1.0 0.0 0.0 1.0 1.0 1.0 0.5 0.5 1.0 1.0
mail3x.com 1 2 1 1 2 1 0.0 0.0 0.0 0.0 0.0 0.25 0.5 0.25 0.25 0.5 0.25
aztek.websitewelcome.com 2 2 1 1 2 2 0.5 0.5 0.0 0.0 0.5 1.0 1.0 0.5 0.5 1.0 1.0
mrwinterinc.com 3 3 1 1 3 3 1.0 1.0 0.0 0.0 1.0 1.0 1.0 0.3333333333333333 0.3333333333333333 1.0 1.0
babyonlinedirect.com.au 2 2 2 2 2 2 1.0 1.0 1.0 1.0 1.0 1.0 1.0 1.0 1.0 1.0 1.0
humanpast.net 1 1 1 1 1 1 0.0 0.0 0.0 0.0 0.0 0.5 0.5 0.5 0.5 0.5 0.5
smarterguys.com 3 3 1 1 3 3 1.0 1.0 0.0 0.0 1.0 1.0 1.0 0.3333333333333333 0.3333333333333333 1.0 1.0
in-memory-of-pets.org 3 3 1 1 2 3 1.0 1.0 0.0 0.0 0.0 1.0 1.0 0.3333333333333333 0.3333333333333333 0.6666666666666666 1.0
realizationstudios.com 2 2 1 1 2 2 0.6666666666666666 0.6666666666666666 0.0 0.0 0.6666666666666666 0.6666666666666666 0.6666666666666666 0.3333333333333333 0.3333333333333333 0.6666666666666666 0.6666666666666666
glassbusiness.net 2 2 1 1 2 2 1.0 1.0 0.0 0.0 1.0 1.0 1.0 0.5 0.5 1.0 1.0
american-warehouse.com 3 3 2 2 3 3 1.0 1.0 1.0 1.0 1.0 1.0 1.0 0.6666666666666666 0.6666666666666666 1.0 1.0
revistamercado.do 3 3 1 1 3 3 1.0 1.0 0.0 0.0 1.0 1.0 1.0 0.3333333333333333 0.3333333333333333 1.0 1.0
transferninjas.com 2 2 1 1 2 2 1.0 1.0 0.0 0.0 1.0 1.0 1.0 0.5 0.5 1.0 1.0
aidforaids.org 2 3 1 1 3 2 1.0 1.0 0.0 0.0 1.0 0.6666666666666666 1.0 0.3333333333333333 0.3333333333333333 1.0 0.6666666666666666
powershopnet.net 3 3 2 1 3 3 1.0 1.0 0.0 0.0 1.0 1.0 1.0 0.6666666666666666 0.3333333333333333 1.0 1.0
156x.com 2 2 2 2 2 2 1.0 1.0 1.0 1.0 1.0 0.6666666666666666 0.6666666666666666 0.6666666666666666 0.6666666666666666 0.6666666666666666 0.6666666666666666
browserweb.com 2 3 2 1 3 2 1.0 1.0 1.0 0.0 1.0 0.6666666666666666 1.0 0.6666666666666666 0.3333333333333333 1.0 0.6666666666666666
zekert.com 1 2 1 1 2 1 0.0 1.0 0.0 0.0 1.0 0.5 1.0 0.5 0.5 1.0 0.5
snipurl.com 2 2 2 2 2 2 0.4 0.4 0.4 0.4 0.4 0.4 0.4 0.4 0.4 0.4 0.4
vrdc.org 2 2 1 1 2 2 1.0 1.0 0.0 0.0 1.0 1.0 1.0 0.5 0.5 1.0 1.0
montecarlo.websitewelcome.com 2 2 1 1 2 2 0.5 0.5 0.0 0.0 0.5 1.0 1.0 0.5 0.5 1.0 1.0
cc-ea.org 1 2 1 1 2 1 0.0 1.0 0.0 0.0 1.0 0.5 1.0 0.5 0.5 1.0 0.5
marbella.websitewelcome.com 2 2 1 1 2 2 0.5 0.5 0.0 0.0 0.5 1.0 1.0 0.5 0.5 1.0 1.0
seattleadvertising.com 3 3 2 1 3 3 1.0 1.0 1.0 0.0 1.0 1.0 1.0 0.6666666666666666 0.3333333333333333 1.0 1.0
babymusictogo.com 3 3 1 1 3 3 1.0 1.0 0.0 0.0 1.0 1.0 1.0 0.3333333333333333 0.3333333333333333 1.0 1.0
thisplace.net 3 3 2 1 3 3 1.0 1.0 1.0 0.0 1.0 1.0 1.0 0.6666666666666666 0.3333333333333333 1.0 1.0
fetish-art.net 2 2 1 1 2 2 1.0 1.0 0.0 0.0 1.0 1.0 1.0 0.5 0.5 1.0 1.0
server415.webhostingpad.com 1 1 1 1 1 1 0.0 0.0 0.0 0.0 0.0 0.5 0.5 0.5 0.5 0.5 0.5
list.rockauto.com 3 3 1 1 3 3 0.5 0.5 0.0 0.0 0.5 1.0 1.0 0.3333333333333333 0.3333333333333333 1.0 1.0
cosemsmg.org.br 3 3 2 2 3 3 1.0 1.0 1.0 1.0 1.0 1.0 1.0 0.6666666666666666 0.6666666666666666 1.0 1.0
dreamchild.net 2 2 1 1 2 2 1.0 1.0 0.0 0.0 1.0 1.0 1.0 0.5 0.5 1.0 1.0
peterpan.com 3 3 1 1 3 3 1.0 1.0 0.0 0.0 1.0 1.0 1.0 0.3333333333333333 0.3333333333333333 1.0 1.0
dvpmultimedia.com 2 2 1 1 2 2 1.0 1.0 0.0 0.0 1.0 1.0 1.0 0.5 0.5 1.0 1.0
5683.com 3 3 2 2 3 3 1.0 1.0 1.0 1.0 1.0 1.0 1.0 0.6666666666666666 0.6666666666666666 1.0 1.0
casemail.net 2 2 1 1 2 2 1.0 1.0 0.0 0.0 1.0 1.0 1.0 0.5 0.5 1.0 1.0
metzgerconsulting.com 2 2 1 1 2 2 1.0 1.0 0.0 0.0 1.0 1.0 1.0 0.5 0.5 1.0 1.0
stevenclark.com.au 2 2 2 2 2 2 0.0 0.0 0.0 0.0 0.0 0.6666666666666666 0.6666666666666666 0.6666666666666666 0.6666666666666666 0.6666666666666666 0.6666666666666666
activemeter.com 3 3 2 1 3 3 0.3333333333333333 0.3333333333333333 0.3333333333333333 0.0 0.333333333333333 0.75 0.75 0.5 0.25 0.75 0.75
yourride.net 4 4 1 1 4 4 1.0 1.0 0.0 0.0 1.0 1.0 1.0 0.25 0.25 1.0 1.0
pointroll.net 2 2 1 1 2 2 1.0 1.0 0.0 0.0 1.0 1.0 1.0 0.5 0.5 1.0 1.0
billkirchenbauer.com 2 3 1 1 2 2 0.0 1.0 0.0 0.0 0.0 0.6666666666666666 1.0 0.3333333333333333 0.3333333333333333 0.6666666666666666 0.6666666666666666
accentremodel.com 2 3 1 1 3 2 1.0 1.0 0.0 0.0 1.0 0.6666666666666666 1.0 0.3333333333333333 0.3333333333333333 1.0 0.6666666666666666
mageme.com 2 3 2 2 3 2 0.0 0.25 0.0 0.0 0.25 0.3333333333333333 0.5 0.3333333333333333 0.3333333333333333 0.5 0.3333333333333333
toy-shoppe.com 4 4 1 1 4 4 1.0 1.0 0.0 0.0 1.0 1.0 1.0 0.25 0.25 1.0 1.0
biointsol.com 3 3 1 1 3 3 1.0 1.0 0.0 0.0 1.0 1.0 1.0 0.3333333333333333 0.3333333333333333 1.0 1.0
westover.net 2 2 1 1 2 2 1.0 1.0 0.0 0.0 1.0 1.0 1.0 0.5 0.5 1.0 1.0
preparecontrol.net 4 4 2 2 4 3 1.0 1.0 1.0 1.0 1.0 1.0 1.0 0.5 0.5 1.0 0.75
mcs-selection.it 3 3 1 1 3 3 0.5 0.5 0.0 0.0 0.5 0.6 0.6 0.2 0.2 0.6 0.6
italia-rsi.org 1 2 1 1 2 1 1.0 1.0 0.0 0.0 1.0 0.5 1.0 0.5 0.5 1.0 0.5
zief.pl 3 3 3 2 3 2 1.0 1.0 1.0 1.0 1.0 1.0 1.0 1.0 0.6666666666666666 1.0 0.6666666666666666
dsds-art.com 3 3 1 1 3 3 1.0 1.0 0.0 0.0 1.0 1.0 1.0 0.3333333333333333 0.3333333333333333 1.0 1.0
gendendesign.net 2 2 1 1 2 2 1.0 1.0 0.0 0.0 1.0 1.0 1.0 0.5 0.5 1.0 1.0
garagebodywork.com 3 3 1 1 3 3 1.0 1.0 0.0 0.0 1.0 1.0 1.0 0.3333333333333333 0.3333333333333333 1.0 1.0
hostempresa.com 1 2 1 1 2 1 0.0 1.0 0.0 0.0 1.0 0.3333333333333333 0.6666666666666666 0.3333333333333333 0.3333333333333333 0.6666666666666666 0.3333333333333333
mr2turbo.websitewelcome.com 2 2 1 1 2 2 0.3333333333333333 0.3333333333333333 0.0 0.0 0.3333333333333333 0.6666666666666666 0.6666666666666666 0.3333333333333333 0.3333333333333333 0.6666666666666666 0.6666666666666666
imagewearcw.com 3 3 1 1 3 3 1.0 1.0 0.0 0.0 1.0 1.0 1.0 0.3333333333333333 0.3333333333333333 1.0 1.0
bleachkon.net 1 1 1 1 1 1 0.0 0.0 0.0 0.0 0.0 0.5 0.5 0.5 0.5 0.5 0.5
thebackcountry.net 2 2 1 1 2 2 1.0 1.0 0.0 0.0 1.0 1.0 1.0 0.5 0.5 1.0 1.0
uscentral16.myserverhosts.com 2 3 1 1 3 2 0.0 0.0 0.0 0.0 0.0 0.2 0.3 0.1 0.1 0.3 0.2
pokypaem.ru 2 3 1 1 3 2 1.0 1.0 0.0 0.0 1.0 0.6666666666666666 1.0 0.3333333333333333 0.3333333333333333 1.0 0.6666666666666666
foreignobject.net 2 2 1 1 2 2 1.0 1.0 0.0 0.0 1.0 1.0 1.0 0.5 0.5 1.0 1.0
bigriveroil.com 2 2 1 1 2 2 1.0 1.0 0.0 0.0 1.0 1.0 1.0 0.5 0.5 1.0 1.0
santro.websitewelcome.com 2 2 1 1 2 2 0.5 0.5 0.0 0.0 0.5 1.0 1.0 0.5 0.5 1.0 1.0
redhotdirectory.com 1 2 1 1 1 1 0.0 1.0 0.0 0.0 0.0 0.5 1.0 0.5 0.5 0.5 0.5
vicirealestate.com 4 4 1 1 4 4 0.5 0.5 0.0 0.0 0.5 1.0 1.0 0.25 0.25 1.0 1.0
clk.websitewelcome.com 2 2 1 1 2 2 0.5 0.5 0.0 0.0 0.5 1.0 1.0 0.5 0.5 1.0 1.0
nas.k12.mn.us 2 2 1 1 2 2 1.0 1.0 0.0 0.0 1.0 1.0 1.0 0.5 0.5 1.0 1.0
masseyclarkfischer.com 3 3 1 1 3 3 1.0 1.0 0.0 0.0 1.0 1.0 1.0 0.3333333333333333 0.3333333333333333 1.0 1.0
al-eds.com 1 1 1 1 1 1 0.0 0.0 0.0 0.0 0.0 0.5 0.5 0.5 0.5 0.5 0.5
helios.nextage.ch 2 2 1 1 2 2 0.5 0.5 0.0 0.0 0.5 1.0 1.0 0.5 0.5 1.0 1.0
avanti.websitewelcome.com 2 2 1 1 2 2 0.5 0.5 0.0 0.0 0.5 1.0 1.0 0.5 0.5 1.0 1.0
smartebusiness.co.uk 3 3 2 2 3 3 1.0 1.0 0.0 0.0 1.0 1.0 1.0 0.6666666666666666 0.6666666666666666 1.0 1.0
annstringer.com 2 3 1 1 3 2 1.0 1.0 0.0 0.0 1.0 0.6666666666666666 1.0 0.3333333333333333 0.3333333333333333 1.0 0.6666666666666666
soapdom.com 2 2 1 1 2 2 1.0 1.0 0.0 0.0 1.0 1.0 1.0 0.5 0.5 1.0 1.0
flury.com 3 3 2 2 3 3 1.0 1.0 1.0 1.0 1.0 1.0 1.0 0.6666666666666666 0.6666666666666666 1.0 1.0
ncedc.com 3 3 1 1 3 3 1.0 1.0 0.0 0.0 1.0 1.0 1.0 0.3333333333333333 0.3333333333333333 1.0 1.0
headrush.net 3 3 1 1 3 3 1.0 1.0 0.0 0.0 1.0 1.0 1.0 0.3333333333333333 0.3333333333333333 1.0 1.0
maxima.websitewelcome.com 2 2 1 1 2 2 0.0 0.0 0.0 0.0 0.0 0.25 0.25 0.125 0.125 0.25 0.25
mylada.ru 3 3 3 1 3 3 0.0 0.0 0.0 0.0 0.0 0.75 0.75 0.75 0.25 0.75 0.75
1stand2ndmortgage.com 2 2 1 1 2 2 0.5 0.5 0.0 0.0 0.5 1.0 1.0 0.5 0.5 1.0 1.0
node.cluster03brasil.com 1 1 1 1 1 1 0.0 0.0 0.0 0.0 0.0 0.25 0.25 0.25 0.25 0.25 0.25
boxer.websitewelcome.com 2 2 1 1 2 2 0.0 0.0 0.0 0.0 0.0 0.6666666666666666 0.6666666666666666 0.3333333333333333 0.3333333333333333 0.6666666666666666 0.6666666666666666
4887.com 3 3 2 2 3 3 1.0 1.0 0.0 0.0 1.0 1.0 1.0 0.6666666666666666 0.6666666666666666 1.0 1.0
neumanntenants.com 1 2 1 1 2 1 0.0 1.0 0.0 0.0 1.0 0.5 1.0 0.5 0.5 1.0 0.5
impulsetheater.com 3 3 1 1 3 3 1.0 1.0 0.0 0.0 1.0 1.0 1.0 0.3333333333333333 0.3333333333333333 1.0 1.0
aksai-katod.ru 4 4 2 1 4 4 1.0 1.0 0.0 0.0 1.0 1.0 1.0 0.5 0.25 1.0 1.0
marauder.websitewelcome.com 2 3 1 1 2 2 0.5 0.5 0.0 0.0 0.5 0.6666666666666666 1.0 0.3333333333333333 0.3333333333333333 0.6666666666666666 0.6666666666666666
littleriver.net 3 3 1 1 3 3 1.0 1.0 0.0 0.0 1.0 1.0 1.0 0.3333333333333333 0.3333333333333333 1.0 1.0
asklesko.com 3 3 1 1 3 3 1.0 1.0 0.0 0.0 1.0 1.0 1.0 0.3333333333333333 0.3333333333333333 1.0 1.0
advancedav.com 3 3 1 1 3 3 1.0 1.0 0.0 0.0 1.0 1.0 1.0 0.3333333333333333 0.3333333333333333 1.0 1.0
obiettivoalluminio.it 2 3 2 2 3 2 0.0 0.5 0.0 0.0 0.5 0.6666666666666666 1.0 0.6666666666666666 0.6666666666666666 1.0 0.6666666666666666
tenantsdevelopment.com 3 3 1 1 3 3 1.0 1.0 0.0 0.0 1.0 1.0 1.0 0.3333333333333333 0.3333333333333333 1.0 1.0
