annstringer.com 2 3 1 1 3 2 1.0 1.0 0.0 0.0 1.0 0.6666666666666666 1.0 0.3333333333333333 0.3333333333333333 1.0 0.6666666666666666 1
soapdom.com 2 2 1 1 2 2 1.0 1.0 0.0 0.0 1.0 1.0 1.0 0.5 0.5 1.0 1.0 1
flury.com 3 3 2 2 3 3 1.0 1.0 1.0 1.0 1.0 1.0 1.0 0.6666666666666666 0.6666666666666666 1.0 1.0 1
ncedc.com 3 3 1 1 3 3 1.0 1.0 0.0 0.0 1.0 1.0 1.0 0.3333333333333333 0.3333333333333333 1.0 1.0 1
headrush.net 3 3 1 1 3 3 1.0 1.0 0.0 0.0 1.0 1.0 1.0 0.3333333333333333 0.3333333333333333 1.0 1.0 1
maxima.websitewelcome.com 2 2 1 1 2 2 0.0 0.0 0.0 0.0 0.0 0.25 0.25 0.125 0.125 0.25 0.25 1
mylada.ru 3 3 3 1 3 3 0.0 0.0 0.0 0.0 0.0 0.75 0.75 0.75 0.25 0.75 0.75 1
1stand2ndmortgage.com 2 2 1 1 2 2 0.5 0.5 0.0 0.0 0.5 1.0 1.0 0.5 0.5 1.0 1.0 1
node.cluster03brasil.com 1 1 1 1 1 1 0.0 0.0 0.0 0.0 0.0 0.25 0.25 0.25 0.25 0.25 0.25 1
boxer.websitewelcome.com 2 2 1 1 2 2 0.0 0.0 0.0 0.0 0.0 0.6666666666666666 0.6666666666666666 0.3333333333333333 0.3333333333333333 0.6666666666666666 0.6666666666666666 1
4887.com 3 3 2 2 3 3 1.0 1.0 0.0 0.0 1.0 1.0 1.0 0.6666666666666666 0.6666666666666666 1.0 1.0 1
neumanntenants.com 1 2 1 1 2 1 0.0 1.0 0.0 0.0 1.0 0.5 1.0 0.5 0.5 1.0 0.5 1
impulsetheater.com 3 3 1 1 3 3 1.0 1.0 0.0 0.0 1.0 1.0 1.0 0.3333333333333333 0.3333333333333333 1.0 1.0 1
aksai-katod.ru 4 4 2 1 4 4 1.0 1.0 0.0 0.0 1.0 1.0 1.0 0.5 0.25 1.0 1.0 1
marauder.websitewelcome.com 2 3 1 1 2 2 0.5 0.5 0.0 0.0 0.5 0.6666666666666666 1.0 0.3333333333333333 0.3333333333333333 0.6666666666666666 0.6666666666666666 1
littleriver.net 3 3 1 1 3 3 1.0 1.0 0.0 0.0 1.0 1.0 1.0 0.3333333333333333 0.3333333333333333 1.0 1.0 1
asklesko.com 3 3 1 1 3 3 1.0 1.0 0.0 0.0 1.0 1.0 1.0 0.3333333333333333 0.3333333333333333 1.0 1.0 1
advancedav.com 3 3 1 1 3 3 1.0 1.0 0.0 0.0 1.0 1.0 1.0 0.3333333333333333 0.3333333333333333 1.0 1.0 1
obiettivoalluminio.it 2 3 2 2 3 2 0.0 0.5 0.0 0.0 0.5 0.6666666666666666 1.0 0.6666666666666666 0.6666666666666666 1.0 0.6666666666666666 1
tenantsdevelopment.com 3 3 1 1 3 3 1.0 1.0 0.0 0.0 1.0 1.0 1.0 0.3333333333333333 0.3333333333333333 1.0 1.0 1
westpac.com.au 2 3 1 1 2 2 0.5 0.5 0.0 0.0 0.5 0.6666666666666666 1.0 0.3333333333333333 0.3333333333333333 0.6666666666666666 0.6666666666666666 -1
ipn.mx 1 2 1 1 1 1 0.0 0.0 0.0 0.0 0.0 0.2 0.4 0.2 0.2 0.2 0.2 -1
jimdo.com 6 6 4 2 5 6 0.6666666666666666 0.6666666666666666 0.6666666666666666 0.3333333333333333 0.6666666666666666 1.0 1.0 0.6666666666666666 0.3333333333333333 0.8333333333333334 1.0 -1
gvt.com.br 1 4 1 1 3 1 0.0 0.0 0.0 0.0 0.0 0.09090909090909091 0.36363636363636365 0.09090909090909091 0.09090909090909091 0.2727272727272727 0.09090909090909091 -1
nixexchange.com 2 2 2 1 2 2 0.5 0.5 0.5 0.0 0.5 1.0 1.0 1.0 0.5 1.0 1.0 -1
managerzone.com 2 2 1 1 2 2 0.0 0.0 0.0 0.0 0.0 0.5 0.5 0.25 0.25 0.5 0.5 -1
google.ru 7 12 4 2 11 7 0.0 0.625 0.125 0.0 0.625 0.5384615384615384 0.9230769230769231 0.3076923076923077 0.15384615384615385 0.8461538461538461 0.5384615384615384 -1
comenity.net 2 2 1 1 1 2 1.0 1.0 0.0 0.0 0.0 1.0 1.0 0.5 0.5 0.5 1.0 -1
cruisecritic.com 4 6 1 1 5 4 0.0 0.16666666666666666 0.0 0.0 0.16666666666666666 0.5714285714285714 0.8571428571428571 0.14285714285714285 0.14285714285714285 0.7142857142857143 0.5714285714285714 -1
rakuten-bank.co.jp 1 3 1 1 2 1 0.0 0.3333333333333333 0.0 0.0 0.3333333333333333 0.3333333333333333 1.0 0.3333333333333333 0.3333333333333333 0.6666666666666666 0.3333333333333333 -1
flurry.com 1 1 1 1 1 1 0.0 0.0 0.0 0.0 0.0 0.01694915254237288 0.01694915254237288 0.01694915254237288 0.01694915254237288 0.01694915254237288 0.01694915254237288 -1
groupon.com 3 3 2 2 3 3 0.5 0.5 0.0 0.0 0.5 1.0 1.0 0.6666666666666666 0.6666666666666666 1.0 1.0 -1
domain.com 20 28 9 4 25 19 0.08333333333333333 0.08333333333333333 0.0 0.0 0.08333333333333333 0.5405405405405406 0.7567567567567568 0.24324324324324326 0.10810810810810811 0.6756756756756757 0.5135135135135135 -1
optimum.net 3 3 1 1 2 3 0.5 0.5 0.0 0.0 0.0 1.0 1.0 0.3333333333333333 0.3333333333333333 0.6666666666666666 1.0 -1
pcmastercard.ca 1 2 1 1 1 1 0.0 0.5 0.0 0.0 0.0 0.5 1.0 0.5 0.5 0.5 0.5 -1
jugem.jp 1 1 1 1 1 1 0.0 0.0 0.0 0.0 0.0 0.5 0.5 0.5 0.5 0.5 0.5 -1
exness.com 2 3 2 1 2 2 0.0 0.0 0.0 0.0 0.0 0.03278688524590164 0.04918032786885246 0.03278688524590164 0.01639344262295082 0.03278688524590164 0.03278688524590164 -1
halifax.co.uk 2 3 1 1 1 2 0.0 0.5 0.0 0.0 0.0 0.6666666666666666 1.0 0.3333333333333333 0.3333333333333333 0.3333333333333333 0.6666666666666666 -1
zendesk.com 3 4 2 1 4 3 0.3333333333333333 0.6666666666666666 0.3333333333333333 0.0 0.6666666666666666 0.75 1.0 0.5 0.25 1.0 0.75 -1
vocativ.com 2 2 1 1 2 2 0.0 0.0 0.0 0.0 0.0 0.5 0.5 0.25 0.25 0.5 0.5 -1
jd.com 4 4 2 1 4 4 0.5 0.5 0.0 0.0 0.5 1.0 1.0 0.5 0.25 1.0 1.0 -1
qiwi.ru 2 2 1 1 2 2 0.0 0.0 0.0 0.0 0.0 0.6666666666666666 0.6666666666666666 0.3333333333333333 0.3333333333333333 0.6666666666666666 0.6666666666666666 -1
hostingraja.in 1 2 1 1 1 1 0.0 0.5 0.0 0.0 0.0 0.5 1.0 0.5 0.5 0.5 0.5 -1
hotnewhiphop.com 1 1 1 1 1 1 0.0 0.0 0.0 0.0 0.0 0.25 0.25 0.25 0.25 0.25 0.25 -1
streetdirectory.com 2 2 2 1 2 2 0.0 0.0 0.0 0.0 0.0 0.3333333333333333 0.3333333333333333 0.3333333333333333 0.16666666666666666 0.3333333333333333 0.3333333333333333 -1
toyota.com 2 2 1 1 2 2 0.0 0.0 0.0 0.0 0.0 0.2857142857142857 0.2857142857142857 0.14285714285714285 0.14285714285714285 0.2857142857142857 0.2857142857142857 -1
daft.ie 1 1 1 1 1 1 0.0 0.0 0.0 0.0 0.0 0.1 0.1 0.1 0.1 0.1 0.1 -1
fotolia.com 7 10 3 2 10 7 0.4166666666666667 0.75 0.08333333333333333 0.0 0.75 0.5384615384615384 0.7692307692307693 0.23076923076923078 0.15384615384615385 0.7692307692307693 0.5384615384615384 -1
webs.com 4 4 1 1 4 4 0.3333333333333333 0.3333333333333333 0.0 0.0 0.3333333333333333 0.8 0.8 0.2 0.2 0.8 0.8 -1
exoclick.com 4 5 2 2 5 4 0.5 0.5 0.25 0.25 0.5 0.8 1.0 0.4 0.4 1.0 0.8 -1
tvxs.gr 3 4 3 2 4 3 0.0 0.6666666666666666 0.0 0.0 0.6666666666666666 0.6 0.8 0.6 0.4 0.8 0.6 -1
catho.com.br 2 2 1 1 2 2 0.0 0.0 0.0 0.0 0.0 0.058823529411764705 0.058823529411764705 0.029411764705882353 0.029411764705882353 0.058823529411764705 0.058823529411764705 -1
dimora.jp 3 3 1 1 2 3 0.3333333333333333 0.3333333333333333 0.0 0.0 0.0 0.75 0.75 0.25 0.25 0.5 0.75 -1
nethouse.ru 1 2 1 1 1 1 0.0 0.0 0.0 0.0 0.0 0.2 0.4 0.2 0.2 0.2 0.2 -1
wonderhowto.com 2 2 1 1 2 2 0.0 0.0 0.0 0.0 0.0 0.08333333333333333 0.08333333333333333 0.041666666666666664 0.041666666666666664 0.08333333333333333 0.08333333333333333 -1
163.com 12 37 6 3 25 12 0.09090909090909091 0.3181818181818182 0.045454545454545456 0.045454545454545456 0.3181818181818182 0.2 0.6166666666666667 0.1 0.05 0.4166666666666667 0.2 -1
fastcompany.com 2 2 1 1 2 2 0.0 0.0 0.0 0.0 0.0 0.6666666666666666 0.6666666666666666 0.3333333333333333 0.3333333333333333 0.6666666666666666 0.6666666666666666 -1
wordreference.com 1 2 2 2 2 1 0.0 0.5 0.5 0.5 0.5 0.3333333333333333 0.6666666666666666 0.6666666666666666 0.6666666666666666 0.6666666666666666 0.3333333333333333 -1
izlesene.com 1 1 1 1 1 1 0.0 0.0 0.0 0.0 0.0 0.5 0.5 0.5 0.5 0.5 0.5 -1
box.net 2 4 1 1 2 2 0.0 0.0 0.0 0.0 0.0 0.011428571428571429 0.022857142857142857 0.005714285714285714 0.005714285714285714 0.011428571428571429 0.011428571428571429 -1
tupaki.com 2 3 1 1 3 2 0.0 1.0 0.0 0.0 1.0 0.6666666666666666 1.0 0.3333333333333333 0.3333333333333333 1.0 0.6666666666666666 -1
hallmarkchannel.com 1 1 1 1 1 0 0.0 0.0 0.0 0.0 0.0 0.2 0.2 0.2 0.2 0.2 0.0 -1
moz.com 5 5 3 2 5 5 1.0 1.0 1.0 0.6666666666666666 1.0 1.0 1.0 0.6 0.4 1.0 1.0 -1
ups.com 6 10 4 3 9 6 0.4444444444444444 0.7777777777777778 0.3333333333333333 0.2222222222222222 0.7777777777777778 0.5454545454545454 0.9090909090909091 0.36363636363636365 0.2727272727272727 0.8181818181818182 0.5454545454545454 -1
seekingarrangement.com 3 3 2 2 3 2 0.5 0.5 0.5 0.5 0.5 1.0 1.0 0.6666666666666666 0.6666666666666666 1.0 0.6666666666666666 -1
lww.com 3 3 1 1 2 3 0.5 0.5 0.0 0.0 0.5 1.0 1.0 0.3333333333333333 0.3333333333333333 0.6666666666666666 1.0 -1
weebly.com 3 3 2 2 3 3 0.5 0.5 0.5 0.5 0.5 1.0 1.0 0.6666666666666666 0.6666666666666666 1.0 1.0 -1
outlook.com 1 2 1 1 1 1 0.0 0.0 0.0 0.0 0.0 0.02857142857142857 0.05714285714285714 0.02857142857142857 0.02857142857142857 0.02857142857142857 0.02857142857142857 -1
justice.gov 2 3 2 2 2 2 0.5 0.5 0.5 0.5 0.5 0.6666666666666666 1.0 0.6666666666666666 0.6666666666666666 0.6666666666666666 0.6666666666666666 -1
fandango.com 2 2 1 1 2 2 0.5 0.5 0.0 0.0 0.5 1.0 1.0 0.5 0.5 1.0 1.0 -1
zakupka.com 3 3 2 1 3 3 1.0 1.0 0.6666666666666666 0.0 1.0 1.0 1.0 0.6666666666666666 0.3333333333333333 1.0 1.0 -1
absa.co.za 1 2 1 1 1 1 0.0 0.5 0.0 0.0 0.0 0.3333333333333333 0.6666666666666666 0.3333333333333333 0.3333333333333333 0.3333333333333333 0.3333333333333333 -1
battlenet.com.cn 2 2 1 1 1 2 0.0 0.0 0.0 0.0 0.0 0.25 0.25 0.125 0.125 0.125 0.25 -1
here.com 3 3 2 2 3 2 0.5 0.5 0.5 0.5 0.5 1.0 1.0 0.6666666666666666 0.6666666666666666 1.0 0.6666666666666666 -1
arstechnica.com 2 4 1 1 3 2 0.0 0.0 0.0 0.0 0.0 0.038461538461538464 0.07692307692307693 0.019230769230769232 0.019230769230769232 0.057692307692307696 0.038461538461538464 -1
faberlic.com 2 3 1 1 2 2 0.25 0.25 0.0 0.0 0.25 0.3333333333333333 0.5 0.16666666666666666 0.16666666666666666 0.3333333333333333 0.3333333333333333 -1
scnsrc.me 1 2 1 1 2 1 0.0 0.2222222222222222 0.0 0.0 0.2222222222222222 0.1111111111111111 0.2222222222222222 0.1111111111111111 0.1111111111111111 0.2222222222222222 0.1111111111111111 -1
top-shop.ru 4 3 1 1 5 4 0.2 0.2 0.0 0.0 0.2 0.23529411764705882 0.17647058823529413 0.058823529411764705 0.058823529411764705 0.29411764705882354 0.23529411764705882 -1
playbill.com 5 5 1 1 4 5 0.16666666666666666 0.16666666666666666 0.0 0.0 0.16666666666666666 0.7142857142857143 0.7142857142857143 0.14285714285714285 0.14285714285714285 0.5714285714285714 0.7142857142857143 -1
test.de 16 17 2 1 16 16 0.375 0.375 0.0625 0.0 0.3125 0.8421052631578947 0.8947368421052632 0.10526315789473684 0.05263157894736842 0.8421052631578947 0.8421052631578947 -1
okazii.ro 1 1 1 1 1 1 0.0 0.0 0.0 0.0 0.0 0.004166666666666667 0.004166666666666667 0.004166666666666667 0.004166666666666667 0.004166666666666667 0.004166666666666667 -1
amung.us 1 1 1 1 1 1 0.0 0.0 0.0 0.0 0.0 0.011111111111111112 0.011111111111111112 0.011111111111111112 0.011111111111111112 0.011111111111111112 0.011111111111111112 -1
icicibank.com 5 5 2 2 5 5 0.3333333333333333 0.3333333333333333 0.3333333333333333 0.3333333333333333 0.3333333333333333 1.0 1.0 0.4 0.4 1.0 1.0 -1
cs-cart.com 3 4 1 1 4 3 0.3333333333333333 0.3333333333333333 0.0 0.0 0.3333333333333333 0.75 1.0 0.25 0.25 1.0 0.75 -1
yahoo.com 13 14 6 4 14 12 0.1 0.1 0.0 0.0 0.1 0.9285714285714286 1.0 0.42857142857142855 0.2857142857142857 1.0 0.8571428571428571 -1
neobux.com 4 4 2 2 4 4 0.3333333333333333 0.3333333333333333 0.0 0.0 0.3333333333333333 1.0 1.0 0.5 0.5 1.0 1.0 -1
lenta.ru 2 2 2 2 2 2 0.0 0.0 0.0 0.0 0.0 0.4 0.4 0.4 0.4 0.4 0.4 -1
local.com 2 2 2 2 2 2 0.0 0.5 0.0 0.0 0.0 0.5 0.5 0.5 0.5 0.5 0.5 -1
blocket.se 2 3 2 1 3 2 0.0 0.3333333333333333 0.0 0.0 0.3333333333333333 0.6666666666666666 1.0 0.6666666666666666 0.3333333333333333 1.0 0.6666666666666666 -1
mediatakeout.com 2 3 1 1 3 2 0.14285714285714285 0.14285714285714285 0.0 0.0 0.14285714285714285 0.25 0.375 0.125 0.125 0.375 0.25 -1
gazzetta.it 1 1 1 1 1 1 0.0 0.0 0.0 0.0 0.0 0.5 0.5 0.5 0.5 0.5 0.5 -1
babylon.com 4 4 4 3 4 4 0.5 0.5 0.5 0.5 0.5 1.0 1.0 1.0 0.75 1.0 1.0 -1
kaixin001.com 6 5 1 1 7 4 0.001287001287001287 0.001287001287001287 0.0 0.0 0.001287001287001287 0.007712082262210797 0.006426735218508998 0.0012853470437017994 0.0012853470437017994 0.008997429305912597 0.005141388174807198 -1
kooora.com 3 9 2 2 8 3 0.3333333333333333 0.6666666666666666 0.0 0.0 0.6666666666666666 0.2727272727272727 0.8181818181818182 0.18181818181818182 0.18181818181818182 0.7272727272727273 0.2727272727272727 -1
mihanwebhost.com 1 4 1 1 4 1 0.0 0.0 0.0 0.0 0.0 0.14285714285714285 0.5714285714285714 0.14285714285714285 0.14285714285714285 0.5714285714285714 0.14285714285714285 -1
thaivisa.com 3 4 2 2 3 3 0.0 0.14285714285714285 0.0 0.0 0.0 0.375 0.5 0.25 0.25 0.375 0.375 -1
filefactory.com 2 3 2 2 3 2 0.5 0.5 0.5 0.5 0.5 0.6666666666666666 1.0 0.6666666666666666 0.6666666666666666 1.0 0.6666666666666666 -1
apple.com 2 6 2 2 2 2 0.0 0.6 0.0 0.0 0.0 0.2857142857142857 0.8571428571428571 0.2857142857142857 0.2857142857142857 0.2857142857142857 0.2857142857142857 -1
comcast.net 4 4 2 2 4 4 0.14285714285714285 0.14285714285714285 0.14285714285714285 0.14285714285714285 0.14285714285714285 0.5 0.5 0.25 0.25 0.5 0.5 -1
domru.ru 4 3 1 1 5 2 0.0 0.0 0.0 0.0 0.0 0.6666666666666666 0.5 0.16666666666666666 0.16666666666666666 0.8333333333333334 0.3333333333333333 -1
2shared.com 2 2 2 2 2 2 0.5 0.5 0.5 0.5 0.5 1.0 1.0 1.0 1.0 1.0 1.0 -1
namecheap.com 2 2 1 1 2 2 0.0 0.0 0.0 0.0 0.0 0.6666666666666666 0.6666666666666666 0.3333333333333333 0.3333333333333333 0.6666666666666666 0.6666666666666666 -1
chomikuj.pl 1 5 1 1 5 1 0.0 0.0 0.0 0.0 0.0 0.125 0.625 0.125 0.125 0.625 0.125 -1
paginasamarillas.es 1 1 1 1 1 1 0.0 0.0 0.0 0.0 0.0 0.0058823529411764705 0.0058823529411764705 0.0058823529411764705 0.0058823529411764705 0.0058823529411764705 0.0058823529411764705 -1
fbi.gov 7 7 3 2 7 7 0.5 0.5 0.0 0.0 0.5 1.0 1.0 0.42857142857142855 0.2857142857142857 1.0 1.0 -1
tudou.com 4 5 4 3 5 4 0.25 0.5 0.25 0.0 0.5 0.8 1.0 0.8 0.6 1.0 0.8 -1
fishki.net 2 2 1 1 2 2 0.0 0.0 0.0 0.0 0.0 0.2857142857142857 0.2857142857142857 0.14285714285714285 0.14285714285714285 0.2857142857142857 0.2857142857142857 -1
constantcontact.com 5 5 1 1 4 5 1.0 1.0 0.0 0.0 0.5 1.0 1.0 0.2 0.2 0.8 1.0 -1
twoo.com 4 7 3 3 6 3 0.5 0.75 0.25 0.25 0.75 0.5714285714285714 1.0 0.42857142857142855 0.42857142857142855 0.8571428571428571 0.42857142857142855 -1
disqus.com 1 5 2 2 4 1 0.0 0.14285714285714285 0.0 0.0 0.14285714285714285 0.09090909090909091 0.45454545454545453 0.18181818181818182 0.18181818181818182 0.36363636363636365 0.09090909090909091 -1
debenhams.com 2 4 2 2 3 2 0.0 0.0 0.0 0.0 0.0 0.01904761904761905 0.0380952380952381 0.01904761904761905 0.01904761904761905 0.02857142857142857 0.01904761904761905 -1
timeweb.ru 1 2 1 1 1 1 0.0 0.3333333333333333 0.0 0.0 0.0 0.25 0.5 0.25 0.25 0.25 0.25 -1
italiansubs.net 3 3 2 1 3 3 0.3333333333333333 0.3333333333333333 0.3333333333333333 0.0 0.3333333333333333 0.75 0.75 0.5 0.25 0.75 0.75 -1
heb.com 2 2 1 1 2 2 0.5 0.5 0.0 0.0 0.5 1.0 1.0 0.5 0.5 1.0 1.0 -1
mamsy.ru 2 2 1 1 2 2 0.0 0.0 0.0 0.0 0.0 0.2222222222222222 0.2222222222222222 0.1111111111111111 0.1111111111111111 0.2222222222222222 0.2222222222222222 -1
slickdeals.net 2 2 1 1 2 2 1.0 1.0 0.0 0.0 1.0 1.0 1.0 0.5 0.5 1.0 1.0 -1
facebook.com 7 7 4 3 6 7 0.3333333333333333 0.3333333333333333 0.1111111111111111 0.1111111111111111 0.2222222222222222 0.5384615384615384 0.5384615384615384 0.3076923076923077 0.23076923076923078 0.46153846153846156 0.5384615384615384 -1
shpock.com 2 3 2 1 3 2 0.0 0.0 0.0 0.0 0.0 0.5 0.75 0.5 0.25 0.75 0.5 -1
yandex.ru 11 34 4 2 22 11 0.03333333333333333 0.3333333333333333 0.06666666666666667 0.03333333333333333 0.13333333333333333 0.20754716981132076 0.6415094339622641 0.07547169811320754 0.03773584905660377 0.41509433962264153 0.20754716981132076 -1
cj.com 2 4 1 1 4 2 0.5 0.5 0.0 0.0 0.5 0.5 1.0 0.25 0.25 1.0 0.5 -1
ecigtalk.ru 1 1 1 1 1 1 0.0 0.0 0.0 0.0 0.0 0.25 0.25 0.25 0.25 0.25 0.25 -1
radikal.ru 1 1 1 1 1 1 0.0 0.0 0.0 0.0 0.0 0.00390625 0.00390625 0.00390625 0.00390625 0.00390625 0.00390625 -1
voegol.com.br 2 2 1 1 2 2 0.0 0.0 0.0 0.0 0.0 0.4 0.4 0.2 0.2 0.4 0.4 -1
buzzfeed.com 3 5 2 2 5 3 0.6666666666666666 0.6666666666666666 0.0 0.0 0.6666666666666666 0.5 0.8333333333333334 0.3333333333333333 0.3333333333333333 0.8333333333333334 0.5 -1
ule.com 2 3 1 1 1 2 0.0 0.2 0.0 0.0 0.0 0.18181818181818182 0.2727272727272727 0.09090909090909091 0.09090909090909091 0.09090909090909091 0.18181818181818182 -1
chinahr.com 8 4 1 1 7 5 0.0 0.0 0.0 0.0 0.0 0.16326530612244897 0.08163265306122448 0.02040816326530612 0.02040816326530612 0.14285714285714285 0.10204081632653061 -1
etsy.com 12 21 7 3 17 12 0.025380710659898477 0.04568527918781726 0.015228426395939087 0.01015228426395939 0.04568527918781726 0.02526315789473684 0.04421052631578947 0.014736842105263158 0.00631578947368421 0.035789473684210524 0.02526315789473684 -1
e-autopay.com 3 3 3 1 3 3 0.0 0.0 0.0 0.0 0.0 0.5 0.5 0.5 0.16666666666666666 0.5 0.5 -1
vtc.vn 2 3 1 1 1 2 0.0 0.0 0.0 0.0 0.0 0.00796812749003984 0.01195219123505976 0.00398406374501992 0.00398406374501992 0.00398406374501992 0.00796812749003984 -1
arvixe.com 2 10 2 2 8 2 0.0 0.0 0.0 0.0 0.0 0.05714285714285714 0.2857142857142857 0.05714285714285714 0.05714285714285714 0.22857142857142856 0.05714285714285714 -1
flyfrontier.com 2 3 1 1 3 2 0.0 0.0 0.0 0.0 0.0 0.5 0.75 0.25 0.25 0.75 0.5 -1
ck101.com 4 5 1 1 4 4 0.6666666666666666 0.6666666666666666 0.0 0.0 0.6666666666666666 0.8 1.0 0.2 0.2 0.8 0.8 -1
interserver.net 1 3 1 1 3 1 0.0 0.0 0.0 0.0 0.0 0.2 0.6 0.2 0.2 0.6 0.2 -1
box.com 2 3 1 1 2 2 0.0 0.0 0.0 0.0 0.0 0.5 0.75 0.25 0.25 0.5 0.5 -1
underconsideration.com 2 2 1 1 2 2 0.0 0.0 0.0 0.0 0.0 0.6666666666666666 0.6666666666666666 0.3333333333333333 0.3333333333333333 0.6666666666666666 0.6666666666666666 -1
funnyjunk.com 3 4 2 2 4 3 0.0 0.0 0.0 0.0 0.0 0.6 0.8 0.4 0.4 0.8 0.6 -1
softlayer.com 1 25 3 2 15 1 0.0 0.14285714285714285 0.0 0.0 0.02857142857142857 0.015151515151515152 0.3787878787878788 0.045454545454545456 0.030303030303030304 0.22727272727272727 0.015151515151515152 -1
logitech.com 2 3 2 2 3 2 0.0 0.0 0.0 0.0 0.0 0.09523809523809523 0.14285714285714285 0.09523809523809523 0.09523809523809523 0.14285714285714285 0.09523809523809523 -1
kw.com 9 12 2 1 10 9 0.09090909090909091 0.18181818181818182 0.0 0.0 0.18181818181818182 0.75 1.0 0.16666666666666666 0.08333333333333333 0.8333333333333334 0.75 -1
zocdoc.com 2 3 2 2 3 2 0.5 0.5 0.5 0.5 0.5 0.6666666666666666 1.0 0.6666666666666666 0.6666666666666666 1.0 0.6666666666666666 -1
gmail.com 7 7 3 3 7 7 0.2 0.2 0.2 0.2 0.2 0.7777777777777778 0.7777777777777778 0.3333333333333333 0.3333333333333333 0.7777777777777778 0.7777777777777778 -1
windeln.de 1 2 1 1 2 1 0.0 0.25 0.0 0.0 0.25 0.2 0.4 0.2 0.2 0.4 0.2 -1
pizza.de 2 2 1 1 2 2 0.0 0.0 0.0 0.0 0.0 0.6666666666666666 0.6666666666666666 0.3333333333333333 0.3333333333333333 0.6666666666666666 0.6666666666666666 -1
pch.com 3 4 1 1 3 3 0.018518518518518517 0.018518518518518517 0.0 0.0 0.018518518518518517 0.05454545454545454 0.07272727272727272 0.01818181818181818 0.01818181818181818 0.05454545454545454 0.05454545454545454 -1
ucf.edu 2 3 1 1 1 2 0.5 0.5 0.0 0.0 0.0 0.6666666666666666 1.0 0.3333333333333333 0.3333333333333333 0.3333333333333333 0.6666666666666666 -1
gry-online.pl 2 2 2 2 2 2 0.0 0.0 0.0 0.0 0.0 0.15384615384615385 0.15384615384615385 0.15384615384615385 0.15384615384615385 0.15384615384615385 0.15384615384615385 -1
scribd.com 4 6 3 2 6 4 0.2 0.6 0.2 0.2 0.6 0.6666666666666666 1.0 0.5 0.3333333333333333 1.0 0.6666666666666666 -1
prensa.com 4 5 2 2 4 4 0.0 0.0 0.0 0.0 0.0 0.17391304347826086 0.21739130434782608 0.08695652173913043 0.08695652173913043 0.17391304347826086 0.17391304347826086 -1
pdfescape.com 1 1 1 1 1 1 0.0 0.0 0.0 0.0 0.0 0.3333333333333333 0.3333333333333333 0.3333333333333333 0.3333333333333333 0.3333333333333333 0.3333333333333333 -1
rogers.com 3 3 3 2 2 2 0.5 0.5 0.5 0.5 0.5 1.0 1.0 1.0 0.6666666666666666 0.6666666666666666 0.6666666666666666 -1
sony.co.jp 2 3 2 2 3 2 0.0 0.0 0.0 0.0 0.0 0.04878048780487805 0.07317073170731707 0.04878048780487805 0.04878048780487805 0.07317073170731707 0.04878048780487805 -1
weather.com 4 4 1 1 4 4 0.3333333333333333 0.3333333333333333 0.0 0.0 0.3333333333333333 1.0 1.0 0.25 0.25 1.0 1.0 -1
retailmenot.com 5 9 2 2 8 5 0.3333333333333333 0.5555555555555556 0.0 0.0 0.4444444444444444 0.45454545454545453 0.8181818181818182 0.18181818181818182 0.18181818181818182 0.7272727272727273 0.45454545454545453 -1
fromyouflowers.com 1 2 1 1 2 1 0.0 0.5 0.0 0.0 0.5 0.5 1.0 0.5 0.5 1.0 0.5 -1
evozi.com 3 4 2 2 4 3 0.0 0.25 0.0 0.0 0.25 0.6 0.8 0.4 0.4 0.8 0.6 -1
bell.ca 1 6 1 1 1 1 0.0 0.25 0.0 0.0 0.0 0.125 0.75 0.125 0.125 0.125 0.125 -1
whitehouse.gov 6 6 3 3 6 6 0.4 0.4 0.0 0.0 0.4 1.0 1.0 0.5 0.5 1.0 1.0 -1
tnews.ir 1 2 1 1 2 1 0.0 0.0 0.0 0.0 0.0 0.3333333333333333 0.6666666666666666 0.3333333333333333 0.3333333333333333 0.6666666666666666 0.3333333333333333 -1
w3schools.com 9 11 5 3 11 9 0.5454545454545454 0.7272727272727273 0.2727272727272727 0.09090909090909091 0.7272727272727273 0.75 0.9166666666666666 0.4166666666666667 0.25 0.9166666666666666 0.75 -1
weeb.tv 2 3 2 1 3 2 0.1111111111111111 0.1111111111111111 0.1111111111111111 0.0 0.1111111111111111 0.2 0.3 0.2 0.1 0.3 0.2 -1
antenna.gr 2 2 2 2 2 2 0.3333333333333333 0.3333333333333333 0.3333333333333333 0.3333333333333333 0.3333333333333333 0.6666666666666666 0.6666666666666666 0.6666666666666666 0.6666666666666666 0.6666666666666666 0.6666666666666666 -1
juniper.net 2 2 1 1 2 2 0.5 0.5 0.0 0.0 0.5 1.0 1.0 0.5 0.5 1.0 1.0 -1
elpais.com 3 8 3 2 5 3 0.3333333333333333 0.6666666666666666 0.3333333333333333 0.0 0.6666666666666666 0.375 1.0 0.375 0.25 0.625 0.375 -1
youtube.com 4 4 3 3 4 4 0.5 0.5 0.5 0.5 0.5 1.0 1.0 0.75 0.75 1.0 1.0 -1
aliexpress.com 4 11 5 3 10 4 0.5 0.5 0.5 0.5 0.5 0.2857142857142857 0.7857142857142857 0.35714285714285715 0.21428571428571427 0.7142857142857143 0.2857142857142857 -1
genius.com 3 3 2 2 3 3 0.5 0.5 0.5 0.5 0.5 1.0 1.0 0.6666666666666666 0.6666666666666666 1.0 1.0 -1
naked.com 2 2 1 1 2 2 0.0 0.0 0.0 0.0 0.0 0.5 0.5 0.25 0.25 0.5 0.5 -1
bizocean.jp 1 2 1 1 2 1 0.0 0.5 0.0 0.0 0.5 0.5 1.0 0.5 0.5 1.0 0.5 -1
detik.com 3 5 3 3 5 3 0.5 0.5 0.0 0.0 0.5 0.6 1.0 0.6 0.6 1.0 0.6 -1
aweber.com 4 5 1 1 5 4 0.5 0.5 0.0 0.0 0.5 0.23529411764705882 0.29411764705882354 0.058823529411764705 0.058823529411764705 0.29411764705882354 0.23529411764705882 -1
trud.com 2 3 2 1 3 2 0.5 0.5 0.5 0.0 0.5 0.6666666666666666 1.0 0.6666666666666666 0.3333333333333333 1.0 0.6666666666666666 -1