bancomercantil.com 2 2 1 1 2 2 0.5 0.5 0.0 0.0 0.5 1.0 1.0 0.5 0.5 1.0 1.0
wikia.com 4 6 3 3 6 4 0.25 0.5 0.0 0.0 0.5 0.6666666666666666 1.0 0.5 0.5 1.0 0.6666666666666666
cloudflare.com 3 3 1 1 3 3 0.6666666666666666 0.6666666666666666 0.0 0.0 0.6666666666666666 0.75 0.75 0.25 0.25 0.75 0.75
renren.com 2 3 1 1 2 2 0.5 0.5 0.0 0.0 0.5 0.4 0.6 0.2 0.2 0.4 0.4
douban.com 7 9 4 3 10 7 0.8 0.8 0.4 0.2 0.8 0.7777777777777778 1.0 0.4444444444444444 0.3333333333333333 1.1111111111111112 0.7777777777777778
stack.com 2 2 1 1 2 2 0.16666666666666666 0.16666666666666666 0.0 0.0 0.16666666666666666 0.3333333333333333 0.3333333333333333 0.16666666666666666 0.16666666666666666 0.3333333333333333 0.3333333333333333
orlandosentinel.com 2 2 1 1 2 2 0.0 0.0 0.0 0.0 0.0 0.03333333333333333 0.03333333333333333 0.016666666666666666 0.016666666666666666 0.03333333333333333 0.03333333333333333
bunnings.com.au 2 2 1 1 2 2 0.0 0.0 0.0 0.0 0.0 0.007905138339920948 0.007905138339920948 0.003952569169960474 0.003952569169960474 0.007905138339920948 0.007905138339920948
webfaction.com 1 6 2 2 4 1 0.0 0.0 0.0 0.0 0.0 0.03225806451612903 0.1935483870967742 0.06451612903225806 0.06451612903225806 0.12903225806451613 0.03225806451612903
ertelecom.ru 7 6 1 1 7 6 0.3333333333333333 0.3333333333333333 0.0 0.0 0.3333333333333333 1.0 0.8571428571428571 0.14285714285714285 0.14285714285714285 1.0 0.8571428571428571
tmall.com 6 16 5 3 16 6 0.15384615384615385 0.6923076923076923 0.07692307692307693 0.07692307692307693 0.6923076923076923 0.35294117647058826 0.9411764705882353 0.29411764705882354 0.17647058823529413 0.9411764705882353 0.35294117647058826
indiatimes.com 3 4 3 2 4 3 0.5 0.5 0.5 0.0 0.5 0.75 1.0 0.75 0.5 1.0 0.75
kia.com 2 6 2 2 2 2 0.0 0.09090909090909091 0.0 0.0 0.0 0.15384615384615385 0.46153846153846156 0.15384615384615385 0.15384615384615385 0.15384615384615385 0.15384615384615385
biomedcentral.com 1 1 1 1 1 1 0.0 0.0 0.0 0.0 0.0 0.08333333333333333 0.08333333333333333 0.08333333333333333 0.08333333333333333 0.08333333333333333 0.08333333333333333
fatsecret.com 2 4 1 1 4 2 0.0 0.0 0.0 0.0 0.0 0.3333333333333333 0.6666666666666666 0.16666666666666666 0.16666666666666666 0.6666666666666666 0.3333333333333333
gemius.com.ua 2 2 2 1 2 2 0.0 0.0 0.0 0.0 0.0 0.11764705882352941 0.11764705882352941 0.11764705882352941 0.058823529411764705 0.11764705882352941 0.11764705882352941
oracle.com 3 3 1 1 3 3 0.5 0.5 0.0 0.0 0.5 1.0 1.0 0.3333333333333333 0.3333333333333333 1.0 1.0
apple-iphone.ru 1 3 1 1 3 1 0.0 0.0 0.0 0.0 0.0 0.25 0.75 0.25 0.25 0.75 0.25
infibeam.com 2 4 1 1 2 2 0.0 0.6666666666666666 0.0 0.0 0.0 0.5 1.0 0.25 0.25 0.5 0.5
microsoft.com 12 14 7 3 14 11 0.15384615384615385 0.23076923076923078 0.07692307692307693 0.0 0.23076923076923078 0.75 0.875 0.4375 0.1875 0.875 0.6875
bayt.com 6 8 2 1 6 5 0.0 0.0 0.0 0.0 0.0 0.1875 0.25 0.0625 0.03125 0.1875 0.15625
eyny.com 3 12 2 2 8 3 0.18181818181818182 0.18181818181818182 0.09090909090909091 0.09090909090909091 0.18181818181818182 0.17647058823529413 0.7058823529411765 0.11764705882352941 0.11764705882352941 0.47058823529411764 0.17647058823529413
redbox.com 2 2 1 1 2 2 0.5 0.5 0.0 0.0 0.5 1.0 1.0 0.5 0.5 1.0 1.0
xbox.com 2 2 1 1 2 2 0.5 0.5 0.0 0.0 0.5 1.0 1.0 0.5 0.5 1.0 1.0
motorola.com 2 2 2 2 1 2 0.0 0.0 0.0 0.0 0.0 0.06451612903225806 0.06451612903225806 0.06451612903225806 0.06451612903225806 0.03225806451612903 0.06451612903225806
worldcarfans.com 2 4 2 2 3 2 0.0 0.3333333333333333 0.0 0.0 0.0 0.5 1.0 0.5 0.5 0.75 0.5
qtrax.com 3 6 2 1 4 3 0.25 0.5 0.25 0.0 0.5 0.3 0.6 0.2 0.1 0.4 0.3
xxx.com 7 7 3 2 5 7 0.2 0.2 0.0 0.0 0.2 1.0 1.0 0.42857142857142855 0.2857142857142857 0.7142857142857143 1.0
qcomment.ru 2 2 2 1 2 2 0.5 0.5 0.5 0.0 0.5 1.0 1.0 1.0 0.5 1.0 1.0
mailchimp.com 5 5 1 1 5 5 0.2 0.2 0.0 0.0 0.2 0.8333333333333334 0.8333333333333334 0.16666666666666666 0.16666666666666666 0.8333333333333334 0.8333333333333334
trulia.com 9 15 4 2 13 9 0.8888888888888888 0.8888888888888888 0.2222222222222222 0.0 0.8888888888888888 0.5294117647058824 0.8823529411764706 0.23529411764705882 0.11764705882352941 0.7647058823529411 0.5294117647058824
1111.com.tw 2 2 2 1 2 2 0.5 0.5 0.5 0.0 0.5 1.0 1.0 1.0 0.5 1.0 1.0
daniweb.com 1 2 1 1 2 1 0.0 0.0 0.0 0.0 0.0 0.1111111111111111 0.2222222222222222 0.1111111111111111 0.1111111111111111 0.2222222222222222 0.1111111111111111
samsung.com 3 3 3 3 3 3 0.5 0.5 0.5 0.5 0.5 1.0 1.0 1.0 1.0 1.0 1.0
prlog.org 3 3 1 1 3 3 0.5 0.5 0.0 0.0 0.5 1.0 1.0 0.3333333333333333 0.3333333333333333 1.0 1.0
cabelas.com 2 3 1 1 3 2 0.0 0.0 0.0 0.0 0.0 0.2222222222222222 0.3333333333333333 0.1111111111111111 0.1111111111111111 0.3333333333333333 0.2222222222222222
flipkart.com 4 7 3 3 7 4 0.2 0.2 0.0 0.0 0.2 0.4 0.7 0.3 0.3 0.7 0.4
ikea.com 3 5 4 3 5 3 0.25 0.75 0.5 0.5 0.75 0.6 1.0 0.8 0.6 1.0 0.6
marca.com 7 18 5 3 16 7 0.21428571428571427 0.7857142857142857 0.07142857142857142 0.07142857142857142 0.7857142857142857 0.3333333333333333 0.8571428571428571 0.23809523809523808 0.14285714285714285 0.7619047619047619 0.3333333333333333
masterhost.ru 2 3 1 1 3 2 0.2 0.2 0.0 0.0 0.2 0.4 0.6 0.2 0.2 0.6 0.4
zattoo.com 2 2 2 2 2 2 0.0 0.0 0.0 0.0 0.0 0.11764705882352941 0.11764705882352941 0.11764705882352941 0.11764705882352941 0.11764705882352941 0.11764705882352941
propellerads.com 2 3 2 1 3 2 0.0 0.5 0.0 0.0 0.5 0.6666666666666666 1.0 0.6666666666666666 0.3333333333333333 1.0 0.6666666666666666
hao123.com 4 16 5 3 13 4 0.5 0.5 0.0 0.0 0.5 0.16 0.64 0.2 0.12 0.52 0.16
drudgereport.com 3 3 1 1 3 3 0.5 0.5 0.0 0.0 0.5 1.0 1.0 0.3333333333333333 0.3333333333333333 1.0 1.0
motherless.com 3 3 2 1 3 3 0.2 0.2 0.0 0.0 0.2 0.6 0.6 0.4 0.2 0.6 0.6
proboards.com 2 6 1 1 6 2 0.0 0.0 0.0 0.0 0.0 0.038461538461538464 0.11538461538461539 0.019230769230769232 0.019230769230769232 0.11538461538461539 0.038461538461538464
fiverr.com 3 4 1 1 4 3 0.3333333333333333 0.6666666666666666 0.0 0.0 0.6666666666666666 0.75 1.0 0.25 0.25 1.0 0.75
snapdeal.com 6 8 2 2 8 6 0.5714285714285714 0.8571428571428571 0.0 0.0 0.8571428571428571 0.75 1.0 0.25 0.25 1.0 0.75
aerolineas.com.ar 1 2 1 1 2 1 0.0 0.5 0.0 0.0 0.5 0.5 1.0 0.5 0.5 1.0 0.5
zedo.com 3 4 2 2 4 3 0.5 0.5 0.0 0.0 0.5 0.75 1.0 0.5 0.5 1.0 0.75
backpage.com 2 2 1 1 2 2 0.125 0.125 0.0 0.0 0.125 0.16666666666666666 0.16666666666666666 0.08333333333333333 0.08333333333333333 0.16666666666666666 0.16666666666666666
1stdibs.com 1 2 1 1 2 1 0.0 0.5 0.0 0.0 0.5 0.3333333333333333 0.6666666666666666 0.3333333333333333 0.3333333333333333 0.6666666666666666 0.3333333333333333
publix.com 1 1 1 1 1 1 0.0 0.0 0.0 0.0 0.0 0.5 0.5 0.5 0.5 0.5 0.5
gumtree.com.au 2 2 2 2 2 2 0.5 0.5 0.5 0.5 0.5 1.0 1.0 1.0 1.0 1.0 1.0
babytree.com 3 5 2 2 5 3 0.0 0.0 0.0 0.0 0.0 0.5 0.8333333333333334 0.3333333333333333 0.3333333333333333 0.8333333333333334 0.5
webex.com 2 3 2 2 3 1 0.5 0.5 0.5 0.5 0.5 0.6666666666666666 1.0 0.6666666666666666 0.6666666666666666 1.0 0.3333333333333333
leaseweb.com 3 10 3 2 10 3 0.0 0.0 0.0 0.0 0.0 0.04838709677419355 0.16129032258064516 0.04838709677419355 0.03225806451612903 0.16129032258064516 0.04838709677419355
cnzz.com 3 7 4 3 7 3 0.5 0.5 0.5 0.5 0.5 0.42857142857142855 1.0 0.5714285714285714 0.42857142857142855 1.0 0.42857142857142855
hec.gov.pk 3 4 2 2 3 3 0.0 0.0 0.0 0.0 0.0 0.01171875 0.015625 0.0078125 0.0078125 0.01171875 0.01171875
zerohedge.com 2 2 2 1 2 2 0.0 0.0 0.0 0.0 0.0 0.08333333333333333 0.08333333333333333 0.08333333333333333 0.041666666666666664 0.08333333333333333 0.08333333333333333
vk.com 7 7 3 2 6 6 0.4 0.4 0.4 0.2 0.4 0.7777777777777778 0.7777777777777778 0.3333333333333333 0.2222222222222222 0.6666666666666666 0.6666666666666666
vimeo.com 7 8 4 3 11 7 0.3333333333333333 0.5 0.0 0.0 0.5 0.7777777777777778 0.8888888888888888 0.4444444444444444 0.3333333333333333 1.2222222222222223 0.7777777777777778
naukri.com 5 10 2 2 9 5 0.75 0.75 0.0 0.0 0.75 0.5 1.0 0.2 0.2 0.9 0.5
evernote.com 2 2 1 1 2 2 0.5 0.5 0.0 0.0 0.5 0.6666666666666666 0.6666666666666666 0.3333333333333333 0.3333333333333333 0.6666666666666666 0.6666666666666666
buyhatke.com 1 3 1 1 1 1 0.0 1.0 0.0 0.0 0.0 0.3333333333333333 1.0 0.3333333333333333 0.3333333333333333 0.3333333333333333 0.3333333333333333
zippyshare.com 2 5 2 2 5 2 0.5 0.5 0.5 0.5 0.5 0.4 1.0 0.4 0.4 1.0 0.4
godaddy.com 5 5 2 2 5 5 0.25 0.25 0.0 0.0 0.25 1.0 1.0 0.4 0.4 1.0 1.0
mastercard.com 3 4 2 2 4 3 0.5 0.5 0.25 0.25 0.5 0.6 0.8 0.4 0.4 0.8 0.6
espnfc.com 3 4 1 1 4 3 0.5 0.5 0.0 0.0 0.5 0.75 1.0 0.25 0.25 1.0 0.75
alipay.com 3 5 4 3 5 3 0.6666666666666666 1.0 0.6666666666666666 0.6666666666666666 1.0 0.6 1.0 0.8 0.6 1.0 0.6
llbean.com 1 4 1 1 1 1 0.0 0.0 0.0 0.0 0.0 0.16666666666666666 0.6666666666666666 0.16666666666666666 0.16666666666666666 0.16666666666666666 0.16666666666666666
gsmarena.com 3 4 2 2 4 3 0.6666666666666666 1.0 0.6666666666666666 0.6666666666666666 1.0 0.75 1.0 0.5 0.5 1.0 0.75
hsbc.com.hk 1 2 1 1 1 1 0.0 0.5 0.0 0.0 0.0 0.5 1.0 0.5 0.5 0.5 0.5
cb-asahi.co.jp 3 3 1 1 2 3 0.0 0.0 0.0 0.0 0.0 0.375 0.375 0.125 0.125 0.25 0.375
serverdata.net 1 3 1 1 3 1 0.0 0.0 0.0 0.0 0.0 0.0016750418760469012 0.005025125628140704 0.0016750418760469012 0.0016750418760469012 0.005025125628140704 0.0016750418760469012
michaelkors.com 2 4 1 1 4 2 0.0 0.25 0.0 0.0 0.25 0.4 0.8 0.2 0.2 0.8 0.4
deviantart.com 7 10 5 4 9 6 0.5555555555555556 0.8888888888888888 0.3333333333333333 0.2222222222222222 0.6666666666666666 0.5833333333333334 0.8333333333333334 0.4166666666666667 0.3333333333333333 0.75 0.5
gov.on.ca 1 2 1 1 1 1 0.0 0.006329113924050633 0.0 0.0 0.0 0.006329113924050633 0.012658227848101266 0.006329113924050633 0.006329113924050633 0.006329113924050633 0.006329113924050633
hostgator.com 6 17 1 1 10 6 0.08695652173913043 0.08695652173913043 0.0 0.0 0.08695652173913043 0.25 0.7083333333333334 0.041666666666666664 0.041666666666666664 0.4166666666666667 0.25
pmi.org 2 3 1 1 3 2 0.5 0.5 0.0 0.0 0.5 0.6666666666666666 1.0 0.3333333333333333 0.3333333333333333 1.0 0.6666666666666666
goodgamestudios.com 2 3 2 2 3 2 0.5 0.5 0.5 0.5 0.5 0.6666666666666666 1.0 0.6666666666666666 0.6666666666666666 1.0 0.6666666666666666
makeup.com.ua 1 1 1 1 1 1 0.0 0.0 0.0 0.0 0.0 0.034482758620689655 0.034482758620689655 0.034482758620689655 0.034482758620689655 0.034482758620689655 0.034482758620689655
leetcode.com 3 3 1 1 3 3 0.5 0.5 0.0 0.0 0.5 1.0 1.0 0.3333333333333333 0.3333333333333333 1.0 1.0
sagawa-exp.co.jp 2 2 1 1 2 2 0.3333333333333333 0.3333333333333333 0.0 0.0 0.3333333333333333 0.6666666666666666 0.6666666666666666 0.3333333333333333 0.3333333333333333 0.6666666666666666 0.6666666666666666
cams.com 2 2 1 1 2 2 0.5 0.5 0.0 0.0 0.5 1.0 1.0 0.5 0.5 1.0 1.0
farpost.ru 2 3 1 1 2 2 0.0 0.0 0.0 0.0 0.0 0.5 0.75 0.25 0.25 0.5 0.5
aciprensa.com 2 2 1 1 2 2 0.3333333333333333 0.3333333333333333 0.0 0.0 0.3333333333333333 0.6666666666666666 0.6666666666666666 0.3333333333333333 0.3333333333333333 0.6666666666666666 0.6666666666666666
github.com 4 9 3 2 8 4 0.2 0.2 0.0 0.0 0.2 0.4 0.9 0.3 0.2 0.8 0.4
mediafire.com 3 5 2 2 5 3 0.3333333333333333 0.6666666666666666 0.3333333333333333 0.3333333333333333 0.6666666666666666 0.6 1.0 0.4 0.4 1.0 0.6
ehow.com 2 5 1 1 5 2 0.3333333333333333 0.6666666666666666 0.0 0.0 0.6666666666666666 0.4 1.0 0.2 0.2 1.0 0.4
rediff.com 3 4 1 1 4 3 0.3333333333333333 0.6666666666666666 0.0 0.0 0.6666666666666666 0.75 1.0 0.25 0.25 1.0 0.75
site5.com 3 3 1 1 3 3 0.0 0.0 0.0 0.0 0.0 0.6 0.6 0.2 0.2 0.6 0.6
infojobs.net 3 3 3 2 3 2 0.5 0.5 0.5 0.5 0.5 1.0 1.0 1.0 0.6666666666666666 1.0 0.6666666666666666
tvbs.com.tw 2 6 1 1 3 2 0.0 0.0425531914893617 0.0 0.0 0.0425531914893617 0.041666666666666664 0.125 0.020833333333333332 0.020833333333333332 0.0625 0.041666666666666664
collegeboard.com 1 1 1 1 1 0 0.0 0.0 0.0 0.0 0.0 0.5 0.5 0.5 0.5 0.5 0.0
puma.com 3 3 1 1 3 3 0.3333333333333333 0.3333333333333333 0.0 0.0 0.3333333333333333 0.75 0.75 0.25 0.25 0.75 0.75
digitalocean.com 3 5 2 2 5 3 0.0 0.5 0.0 0.0 0.5 0.6 1.0 0.4 0.4 1.0 0.6
livesoccertv.com 2 3 1 1 3 2 0.3333333333333333 0.3333333333333333 0.0 0.0 0.3333333333333333 0.5 0.75 0.25 0.25 0.75 0.5
allstate.com 2 3 1 1 2 2 0.5 0.5 0.0 0.0 0.5 0.6666666666666666 1.0 0.3333333333333333 0.3333333333333333 0.6666666666666666 0.6666666666666666
baidu.com 9 17 5 3 17 9 0.1111111111111111 0.2777777777777778 0.1111111111111111 0.1111111111111111 0.2777777777777778 0.4090909090909091 0.7727272727272727 0.22727272727272727 0.13636363636363635 0.7727272727272727 0.4090909090909091
bizcommunity.com 2 4 1 1 3 2 0.0 0.0 0.0 0.0 0.0 0.2222222222222222 0.4444444444444444 0.1111111111111111 0.1111111111111111 0.3333333333333333 0.2222222222222222
fangraphs.com 1 4 1 1 4 1 0.0 0.1111111111111111 0.0 0.0 0.1111111111111111 0.1111111111111111 0.4444444444444444 0.1111111111111111 0.1111111111111111 0.4444444444444444 0.1111111111111111
nytimes.com 3 3 1 1 3 3 0.5 0.5 0.0 0.0 0.5 1.0 1.0 0.3333333333333333 0.3333333333333333 1.0 1.0
paltalk.com 3 3 1 1 3 3 0.5 0.5 0.0 0.0 0.5 1.0 1.0 0.3333333333333333 0.3333333333333333 1.0 1.0
bongacams.com 2 2 1 1 2 2 0.3333333333333333 0.3333333333333333 0.0 0.0 0.3333333333333333 0.4 0.4 0.2 0.2 0.4 0.4
sex.com 2 2 2 2 2 2 0.5 0.5 0.5 0.5 0.5 0.6666666666666666 0.6666666666666666 0.6666666666666666 0.6666666666666666 0.6666666666666666 0.6666666666666666
ebay.com 5 7 2 2 6 5 0.4 0.6 0.0 0.0 0.6 0.5555555555555556 0.7777777777777778 0.2222222222222222 0.2222222222222222 0.6666666666666666 0.5555555555555556
canstockphoto.com 2 3 2 1 3 2 0.0 0.5 0.0 0.0 0.5 0.6666666666666666 1.0 0.6666666666666666 0.3333333333333333 1.0 0.6666666666666666
stamps.com 1 2 1 1 1 1 0.0 0.0 0.0 0.0 0.0 0.5 1.0 0.5 0.5 0.5 0.5
andro4all.com 1 2 1 1 2 1 0.0 1.0 0.0 0.0 1.0 0.3333333333333333 0.6666666666666666 0.3333333333333333 0.3333333333333333 0.6666666666666666 0.3333333333333333
fluidsurveys.com 2 2 2 1 2 2 0.0 0.0 0.0 0.0 0.0 0.6666666666666666 0.6666666666666666 0.6666666666666666 0.3333333333333333 0.6666666666666666 0.6666666666666666
kpmg.com 2 2 2 2 2 2 0.0 0.0 0.0 0.0 0.0 0.4 0.4 0.4 0.4 0.4 0.4
rapidgator.net 3 4 3 1 3 3 0.0 0.0 0.0 0.0 0.0 0.2 0.26666666666666666 0.2 0.06666666666666667 0.2 0.2
kizlarsoruyor.com 1 2 1 1 2 1 0.0 0.0 0.0 0.0 0.0 0.05263157894736842 0.10526315789473684 0.05263157894736842 0.05263157894736842 0.10526315789473684 0.05263157894736842
itu.edu.tr 1 1 1 1 1 1 0.0 0.0 0.0 0.0 0.0 0.3333333333333333 0.3333333333333333 0.3333333333333333 0.3333333333333333 0.3333333333333333 0.3333333333333333
tvzavr.ru 2 2 1 1 2 2 0.0 0.0 0.0 0.0 0.0 0.3333333333333333 0.3333333333333333 0.16666666666666666 0.16666666666666666 0.3333333333333333 0.3333333333333333
arabseed.com 2 3 2 2 3 2 0.0 0.5 0.0 0.0 0.5 0.6666666666666666 1.0 0.6666666666666666 0.6666666666666666 1.0 0.6666666666666666
pchome.com.tw 3 3 1 1 2 3 0.0 0.0 0.0 0.0 0.0 0.01195219123505976 0.01195219123505976 0.00398406374501992 0.00398406374501992 0.00796812749003984 0.01195219123505976
amadeus.com 4 4 3 2 2 4 0.3333333333333333 0.3333333333333333 0.3333333333333333 0.3333333333333333 0.0 1.0 1.0 0.75 0.5 0.5 1.0
tudocelular.com 2 2 1 1 2 2 0.0 0.0 0.0 0.0 0.0 0.6666666666666666 0.6666666666666666 0.3333333333333333 0.3333333333333333 0.6666666666666666 0.6666666666666666
fgv.br 2 2 2 2 2 2 0.0 0.0 0.0 0.0 0.0 0.5 0.5 0.5 0.5 0.5 0.5
naver.com 3 7 3 2 6 3 0.3333333333333333 0.6666666666666666 0.3333333333333333 0.0 0.6666666666666666 0.42857142857142855 1.0 0.42857142857142855 0.2857142857142857 0.8571428571428571 0.42857142857142855
news.am 1 1 1 1 1 1 0.0 0.0 0.0 0.0 0.0 0.5 0.5 0.5 0.5 0.5 0.5
blogfa.com 3 5 2 2 5 3 0.3333333333333333 0.6666666666666666 0.3333333333333333 0.3333333333333333 0.6666666666666666 0.6 1.0 0.4 0.4 1.0 0.6
stackoverflow.com 6 4 3 2 6 5 0.003937007874015748 0.003937007874015748 0.001968503937007874 0.001968503937007874 0.003937007874015748 0.011811023622047244 0.007874015748031496 0.005905511811023622 0.003937007874015748 0.011811023622047244 0.00984251968503937
heroeswm.ru 2 2 2 2 2 2 0.0 0.0 0.0 0.0 0.0 0.6666666666666666 0.6666666666666666 0.6666666666666666 0.6666666666666666 0.6666666666666666 0.6666666666666666
aol.com 4 4 2 2 6 4 0.0 1.0 0.0 0.0 1.0 1.0 1.0 0.5 0.5 1.5 1.0
banki.ru 2 3 1 1 3 2 0.0 0.0 0.0 0.0 0.0 0.3333333333333333 0.5 0.16666666666666666 0.16666666666666666 0.5 0.3333333333333333
wordpress.org 3 4 1 1 4 3 0.0 0.0 0.0 0.0 0.0 0.007978723404255319 0.010638297872340425 0.0026595744680851063 0.0026595744680851063 0.010638297872340425 0.007978723404255319
sonicrun.com 1 2 1 1 2 1 0.0 0.5 0.0 0.0 0.5 0.5 1.0 0.5 0.5 1.0 0.5
getpaint.net 1 1 1 1 1 1 0.0 0.0 0.0 0.0 0.0 0.5 0.5 0.5 0.5 0.5 0.5
createsend.com 1 1 1 1 1 1 0.0 0.0 0.0 0.0 0.0 0.5 0.5 0.5 0.5 0.5 0.5
ytower.com.tw 2 2 2 2 2 2 0.0 0.0 0.0 0.0 0.0 0.6666666666666666 0.6666666666666666 0.6666666666666666 0.6666666666666666 0.6666666666666666 0.6666666666666666
badoo.com 5 7 4 2 7 5 0.08333333333333333 0.08333333333333333 0.08333333333333333 0.08333333333333333 0.08333333333333333 0.3125 0.4375 0.25 0.125 0.4375 0.3125
ninemsn.com.au 1 1 1 1 1 1 0.0 0.0 0.0 0.0 0.0 0.2 0.2 0.2 0.2 0.2 0.2
ekstrabladet.dk 3 3 2 2 3 3 0.6666666666666666 0.6666666666666666 0.0 0.0 0.6666666666666666 0.75 0.75 0.5 0.5 0.75 0.75
1news.az 2 2 2 2 2 2 0.3333333333333333 0.3333333333333333 0.3333333333333333 0.3333333333333333 0.3333333333333333 0.5 0.5 0.5 0.5 0.5 0.5
xunlei.com 3 3 3 3 3 3 0.5 0.5 0.5 0.5 0.5 1.0 1.0 1.0 1.0 1.0 1.0
chipotle.com 3 3 1 1 3 3 0.0 0.0 0.0 0.0 0.0 0.75 0.75 0.25 0.25 0.75 0.75
linkshare.com 2 4 1 1 4 2 0.0 1.0 0.0 0.0 1.0 0.5 1.0 0.25 0.25 1.0 0.5
soundcloud.com 2 3 3 2 3 2 0.3333333333333333 0.3333333333333333 0.3333333333333333 0.3333333333333333 0.3333333333333333 0.5 0.75 0.75 0.5 0.75 0.5
hindawi.com 3 5 1 1 5 3 0.25 0.25 0.0 0.0 0.25 0.6 1.0 0.2 0.2 1.0 0.6
asus.com 2 3 1 1 2 2 0.0 0.0 0.0 0.0 0.0 0.06896551724137931 0.10344827586206896 0.034482758620689655 0.034482758620689655 0.06896551724137931 0.06896551724137931
mochahost.com 2 5 1 1 5 2 0.0 0.2 0.0 0.0 0.2 0.4 1.0 0.2 0.2 1.0 0.4
stumbleupon.com 4 7 1 1 6 4 0.2 0.2 0.0 0.0 0.2 0.5 0.875 0.125 0.125 0.75 0.5
zoom.us 2 2 1 1 2 2 0.0 0.0 0.0 0.0 0.0 0.6666666666666666 0.6666666666666666 0.3333333333333333 0.3333333333333333 0.6666666666666666 0.6666666666666666
kakaku.com 2 9 2 2 7 2 0.3333333333333333 0.6666666666666666 0.3333333333333333 0.3333333333333333 0.6666666666666666 0.2 0.9 0.2 0.2 0.7 0.2
tcs.com 1 2 1 1 2 1 0.0 0.3333333333333333 0.0 0.0 0.3333333333333333 0.3333333333333333 0.6666666666666666 0.3333333333333333 0.3333333333333333 0.6666666666666666 0.3333333333333333
fxclub.org 3 3 2 2 3 3 0.0 0.0 0.0 0.0 0.0 0.2727272727272727 0.2727272727272727 0.18181818181818182 0.18181818181818182 0.2727272727272727 0.2727272727272727
southwest.com 2 2 1 1 1 2 0.5 0.5 0.0 0.0 0.0 1.0 1.0 0.5 0.5 0.5 1.0
payeer.com 2 3 2 1 3 2 0.0 0.5 0.0 0.0 0.5 0.6666666666666666 1.0 0.6666666666666666 0.3333333333333333 1.0 0.6666666666666666
bluehost.com 4 5 2 2 4 4 1.0 1.0 0.0 0.0 1.0 0.5714285714285714 0.7142857142857143 0.2857142857142857 0.2857142857142857 0.5714285714285714 0.5714285714285714
harvestapp.com 2 3 1 1 2 2 0.0 0.5 0.0 0.0 0.0 0.6666666666666666 1.0 0.3333333333333333 0.3333333333333333 0.6666666666666666 0.6666666666666666
21cn.com 3 3 2 2 3 3 0.5 0.5 0.5 0.5 0.5 0.75 0.75 0.5 0.5 0.75 0.75
articlesbase.com 2 2 1 1 2 2 0.0 0.0 0.0 0.0 0.0 0.5 0.5 0.25 0.25 0.5 0.5
taleo.net 5 12 3 2 9 5 0.25 0.875 0.125 0.125 0.625 0.4166666666666667 1.0 0.25 0.16666666666666666 0.75 0.4166666666666667
linkomanija.net 1 1 1 1 1 1 0.0 0.0 0.0 0.0 0.0 0.5 0.5 0.5 0.5 0.5 0.5
comcast.com 3 3 1 1 3 3 0.5 0.5 0.0 0.0 0.5 1.0 1.0 0.3333333333333333 0.3333333333333333 1.0 1.0
zoon.ru 1 2 1 1 2 1 0.0 0.5 0.0 0.0 0.5 0.5 1.0 0.5 0.5 1.0 0.5
cuny.edu 2 3 1 1 2 2 0.14285714285714285 0.14285714285714285 0.0 0.0 0.14285714285714285 0.2857142857142857 0.42857142857142855 0.14285714285714285 0.14285714285714285 0.2857142857142857 0.2857142857142857
zimbio.com 1 3 1 1 3 1 0.0 0.0 0.0 0.0 0.0 0.03225806451612903 0.0967741935483871 0.03225806451612903 0.03225806451612903 0.0967741935483871 0.03225806451612903
enom.com 2 6 1 1 3 2 0.0 0.08333333333333333 0.0 0.0 0.0 0.15384615384615385 0.46153846153846156 0.07692307692307693 0.07692307692307693 0.23076923076923078 0.15384615384615385
itesm.mx 1 2 1 1 1 1 0.0 0.0 0.0 0.0 0.0 0.16666666666666666 0.3333333333333333 0.16666666666666666 0.16666666666666666 0.16666666666666666 0.16666666666666666
att.com 4 7 1 1 3 4 0.0 0.2222222222222222 0.0 0.0 0.0 0.4 0.7 0.1 0.1 0.3 0.4
adobe.com 5 7 2 2 7 5 0.6666666666666666 0.6666666666666666 0.3333333333333333 0.3333333333333333 0.6666666666666666 0.7142857142857143 1.0 0.2857142857142857 0.2857142857142857 1.0 0.7142857142857143
blackhatworld.com 2 3 1 1 2 2 0.5 0.5 0.0 0.0 0.5 0.6666666666666666 1.0 0.3333333333333333 0.3333333333333333 0.6666666666666666 0.6666666666666666
yesstyle.com 3 8 2 1 8 3 0.0 0.09090909090909091 0.0 0.0 0.09090909090909091 0.25 0.6666666666666666 0.16666666666666666 0.08333333333333333 0.6666666666666666 0.25
idealista.com 1 3 2 1 3 1 0.0 1.0 1.0 0.0 1.0 0.3333333333333333 1.0 0.6666666666666666 0.3333333333333333 1.0 0.3333333333333333
gravatar.com 2 2 1 1 2 2 0.0 0.0 0.0 0.0 0.0 0.10526315789473684 0.10526315789473684 0.05263157894736842 0.05263157894736842 0.10526315789473684 0.10526315789473684
bitcointalk.org 2 2 2 2 2 2 0.0 0.0 0.0 0.0 0.0 0.6666666666666666 0.6666666666666666 0.6666666666666666 0.6666666666666666 0.6666666666666666 0.6666666666666666
pbworks.com 2 2 1 1 2 2 0.3333333333333333 0.3333333333333333 0.0 0.0 0.3333333333333333 0.6666666666666666 0.6666666666666666 0.3333333333333333 0.3333333333333333 0.6666666666666666 0.6666666666666666
topvisor.ru 3 9 2 1 6 3 0.0 0.1 0.0 0.0 0.1 0.25 0.75 0.16666666666666666 0.08333333333333333 0.5 0.25
linkbucks.com 3 4 1 1 4 3 0.3333333333333333 1.0 0.0 0.0 1.0 0.75 1.0 0.25 0.25 1.0 0.75
wnyc.org 3 3 1 1 3 3 0.5 0.5 0.0 0.0 0.5 1.0 1.0 0.3333333333333333 0.3333333333333333 1.0 1.0
boyner.com.tr 1 3 1 1 2 1 0.0 0.0 0.0 0.0 0.0 0.015384615384615385 0.046153846153846156 0.015384615384615385 0.015384615384615385 0.03076923076923077 0.015384615384615385
mail.com 7 8 7 2 7 7 0.3333333333333333 0.3333333333333333 0.3333333333333333 0.16666666666666666 0.3333333333333333 0.7 0.8 0.7 0.2 0.7 0.7
10best.com 2 2 1 1 2 2 0.0 0.0 0.0 0.0 0.0 0.2222222222222222 0.2222222222222222 0.1111111111111111 0.1111111111111111 0.2222222222222222 0.2222222222222222
belkin.com 4 4 2 2 4 3 0.0 0.0 0.0 0.0 0.0 0.010050251256281407 0.010050251256281407 0.005025125628140704 0.005025125628140704 0.010050251256281407 0.007537688442211055
foxnews.com 4 4 1 1 4 4 0.25 0.25 0.0 0.0 0.25 0.8 0.8 0.2 0.2 0.8 0.8
apimages.com 1 1 1 1 1 1 0.0 0.0 0.0 0.0 0.0 0.5 0.5 0.5 0.5 0.5 0.5
wow.com 2 5 2 2 1 2 0.0 0.16666666666666666 0.0 0.0 0.0 0.25 0.625 0.25 0.25 0.125 0.25
forbes.com 6 8 3 3 8 6 0.5 0.75 0.125 0.125 0.75 0.6666666666666666 0.8888888888888888 0.3333333333333333 0.3333333333333333 0.8888888888888888 0.6666666666666666
zigsow.jp 1 1 1 1 1 1 0.0 0.0 0.0 0.0 0.0 0.5 0.5 0.5 0.5 0.5 0.5
ya.ru 4 7 2 2 7 4 0.16666666666666666 0.16666666666666666 0.16666666666666666 0.16666666666666666 0.16666666666666666 0.5714285714285714 1.0 0.2857142857142857 0.2857142857142857 1.0 0.5714285714285714
reference.com 3 3 1 1 3 3 0.5 0.5 0.0 0.0 0.5 1.0 1.0 0.3333333333333333 0.3333333333333333 1.0 1.0
open.ac.uk 1 1 1 1 1 1 0.0 0.0 0.0 0.0 0.0 0.25 0.25 0.25 0.25 0.25 0.25
track-trace.com 2 4 1 1 4 2 0.0 0.6666666666666666 0.0 0.0 0.6666666666666666 0.5 1.0 0.25 0.25 1.0 0.5
msn.com 2 2 1 1 2 2 0.5 0.5 0.0 0.0 0.5 0.6666666666666666 0.6666666666666666 0.3333333333333333 0.3333333333333333 0.6666666666666666 0.6666666666666666
labtestsonline.org 3 3 1 1 3 2 0.5 0.5 0.0 0.0 0.5 1.0 1.0 0.3333333333333333 0.3333333333333333 1.0 0.6666666666666666
paypal.com 4 5 3 2 5 4 0.0 0.3333333333333333 0.0 0.0 0.3333333333333333 0.6666666666666666 0.8333333333333334 0.5 0.3333333333333333 0.8333333333333334 0.6666666666666666
mayoclinic.com 1 1 1 1 1 1 0.0 0.0 0.0 0.0 0.0 0.5 0.5 0.5 0.5 0.5 0.5
putlocker.com 3 3 3 2 3 3 0.3333333333333333 0.3333333333333333 0.3333333333333333 0.0 0.3333333333333333 0.75 0.75 0.75 0.5 0.75 0.75
yandex.com 2 2 1 1 2 2 0.5 0.5 0.0 0.0 0.5 0.6666666666666666 0.6666666666666666 0.3333333333333333 0.3333333333333333 0.6666666666666666 0.6666666666666666
akismet.com 3 4 1 1 3 3 0.08333333333333333 0.16666666666666666 0.0 0.0 0.08333333333333333 0.25 0.3333333333333333 0.08333333333333333 0.08333333333333333 0.25 0.25
onet.pl 3 3 2 1 3 3 0.5 0.5 0.5 0.0 0.5 1.0 1.0 0.6666666666666666 0.3333333333333333 1.0 1.0
wikihow.com 2 2 1 1 2 2 1.0 1.0 0.0 0.0 1.0 0.6666666666666666 0.6666666666666666 0.3333333333333333 0.3333333333333333 0.6666666666666666 0.6666666666666666
qq.com 7 27 5 3 18 7 0.5 0.5 0.0 0.0 0.5 0.15555555555555556 0.6 0.1111111111111111 0.06666666666666667 0.4 0.15555555555555556
key.com 1 2 1 1 1 1 0.0 1.0 0.0 0.0 0.0 0.3333333333333333 0.6666666666666666 0.3333333333333333 0.3333333333333333 0.3333333333333333 0.3333333333333333
formstack.com 1 1 1 1 1 1 0.0 0.0 0.0 0.0 0.0 0.09090909090909091 0.09090909090909091 0.09090909090909091 0.09090909090909091 0.09090909090909091 0.09090909090909091
rambler.ru 3 5 1 1 4 3 0.25 0.5 0.0 0.0 0.5 0.6 1.0 0.2 0.2 0.8 0.6
westpac.com.au 2 3 1 1 2 2 0.5 0.5 0.0 0.0 0.5 0.6666666666666666 1.0 0.3333333333333333 0.3333333333333333 0.6666666666666666 0.6666666666666666
ipn.mx 1 2 1 1 1 1 0.0 0.0 0.0 0.0 0.0 0.2 0.4 0.2 0.2 0.2 0.2
jimdo.com 6 6 4 2 5 6 0.6666666666666666 0.6666666666666666 0.6666666666666666 0.3333333333333333 0.6666666666666666 1.0 1.0 0.6666666666666666 0.3333333333333333 0.8333333333333334 1.0
gvt.com.br 1 4 1 1 3 1 0.0 0.0 0.0 0.0 0.0 0.09090909090909091 0.36363636363636365 0.09090909090909091 0.09090909090909091 0.2727272727272727 0.09090909090909091
nixexchange.com 2 2 2 1 2 2 0.5 0.5 0.5 0.0 0.5 1.0 1.0 1.0 0.5 1.0 1.0
managerzone.com 2 2 1 1 2 2 0.0 0.0 0.0 0.0 0.0 0.5 0.5 0.25 0.25 0.5 0.5
google.ru 7 12 4 2 11 7 0.0 0.625 0.125 0.0 0.625 0.5384615384615384 0.9230769230769231 0.3076923076923077 0.15384615384615385 0.8461538461538461 0.5384615384615384
comenity.net 2 2 1 1 1 2 1.0 1.0 0.0 0.0 0.0 1.0 1.0 0.5 0.5 0.5 1.0
cruisecritic.com 4 6 1 1 5 4 0.0 0.16666666666666666 0.0 0.0 0.16666666666666666 0.5714285714285714 0.8571428571428571 0.14285714285714285 0.14285714285714285 0.7142857142857143 0.5714285714285714
rakuten-bank.co.jp 1 3 1 1 2 1 0.0 0.3333333333333333 0.0 0.0 0.3333333333333333 0.3333333333333333 1.0 0.3333333333333333 0.3333333333333333 0.6666666666666666 0.3333333333333333
flurry.com 1 1 1 1 1 1 0.0 0.0 0.0 0.0 0.0 0.01694915254237288 0.01694915254237288 0.01694915254237288 0.01694915254237288 0.01694915254237288 0.01694915254237288
groupon.com 3 3 2 2 3 3 0.5 0.5 0.0 0.0 0.5 1.0 1.0 0.6666666666666666 0.6666666666666666 1.0 1.0
domain.com 20 28 9 4 25 19 0.08333333333333333 0.08333333333333333 0.0 0.0 0.08333333333333333 0.5405405405405406 0.7567567567567568 0.24324324324324326 0.10810810810810811 0.6756756756756757 0.5135135135135135
optimum.net 3 3 1 1 2 3 0.5 0.5 0.0 0.0 0.0 1.0 1.0 0.3333333333333333 0.3333333333333333 0.6666666666666666 1.0
pcmastercard.ca 1 2 1 1 1 1 0.0 0.5 0.0 0.0 0.0 0.5 1.0 0.5 0.5 0.5 0.5
jugem.jp 1 1 1 1 1 1 0.0 0.0 0.0 0.0 0.0 0.5 0.5 0.5 0.5 0.5 0.5
exness.com 2 3 2 1 2 2 0.0 0.0 0.0 0.0 0.0 0.03278688524590164 0.04918032786885246 0.03278688524590164 0.01639344262295082 0.03278688524590164 0.03278688524590164
halifax.co.uk 2 3 1 1 1 2 0.0 0.5 0.0 0.0 0.0 0.6666666666666666 1.0 0.3333333333333333 0.3333333333333333 0.3333333333333333 0.6666666666666666
zendesk.com 3 4 2 1 4 3 0.3333333333333333 0.6666666666666666 0.3333333333333333 0.0 0.6666666666666666 0.75 1.0 0.5 0.25 1.0 0.75
vocativ.com 2 2 1 1 2 2 0.0 0.0 0.0 0.0 0.0 0.5 0.5 0.25 0.25 0.5 0.5
jd.com 4 4 2 1 4 4 0.5 0.5 0.0 0.0 0.5 1.0 1.0 0.5 0.25 1.0 1.0
qiwi.ru 2 2 1 1 2 2 0.0 0.0 0.0 0.0 0.0 0.6666666666666666 0.6666666666666666 0.3333333333333333 0.3333333333333333 0.6666666666666666 0.6666666666666666
hostingraja.in 1 2 1 1 1 1 0.0 0.5 0.0 0.0 0.0 0.5 1.0 0.5 0.5 0.5 0.5
hotnewhiphop.com 1 1 1 1 1 1 0.0 0.0 0.0 0.0 0.0 0.25 0.25 0.25 0.25 0.25 0.25
streetdirectory.com 2 2 2 1 2 2 0.0 0.0 0.0 0.0 0.0 0.3333333333333333 0.3333333333333333 0.3333333333333333 0.16666666666666666 0.3333333333333333 0.3333333333333333
toyota.com 2 2 1 1 2 2 0.0 0.0 0.0 0.0 0.0 0.2857142857142857 0.2857142857142857 0.14285714285714285 0.14285714285714285 0.2857142857142857 0.2857142857142857
daft.ie 1 1 1 1 1 1 0.0 0.0 0.0 0.0 0.0 0.1 0.1 0.1 0.1 0.1 0.1
fotolia.com 7 10 3 2 10 7 0.4166666666666667 0.75 0.08333333333333333 0.0 0.75 0.5384615384615384 0.7692307692307693 0.23076923076923078 0.15384615384615385 0.7692307692307693 0.5384615384615384
webs.com 4 4 1 1 4 4 0.3333333333333333 0.3333333333333333 0.0 0.0 0.3333333333333333 0.8 0.8 0.2 0.2 0.8 0.8
exoclick.com 4 5 2 2 5 4 0.5 0.5 0.25 0.25 0.5 0.8 1.0 0.4 0.4 1.0 0.8
tvxs.gr 3 4 3 2 4 3 0.0 0.6666666666666666 0.0 0.0 0.6666666666666666 0.6 0.8 0.6 0.4 0.8 0.6
catho.com.br 2 2 1 1 2 2 0.0 0.0 0.0 0.0 0.0 0.058823529411764705 0.058823529411764705 0.029411764705882353 0.029411764705882353 0.058823529411764705 0.058823529411764705
dimora.jp 3 3 1 1 2 3 0.3333333333333333 0.3333333333333333 0.0 0.0 0.0 0.75 0.75 0.25 0.25 0.5 0.75
nethouse.ru 1 2 1 1 1 1 0.0 0.0 0.0 0.0 0.0 0.2 0.4 0.2 0.2 0.2 0.2
wonderhowto.com 2 2 1 1 2 2 0.0 0.0 0.0 0.0 0.0 0.08333333333333333 0.08333333333333333 0.041666666666666664 0.041666666666666664 0.08333333333333333 0.08333333333333333
163.com 12 37 6 3 25 12 0.09090909090909091 0.3181818181818182 0.045454545454545456 0.045454545454545456 0.3181818181818182 0.2 0.6166666666666667 0.1 0.05 0.4166666666666667 0.2
fastcompany.com 2 2 1 1 2 2 0.0 0.0 0.0 0.0 0.0 0.6666666666666666 0.6666666666666666 0.3333333333333333 0.3333333333333333 0.6666666666666666 0.6666666666666666
wordreference.com 1 2 2 2 2 1 0.0 0.5 0.5 0.5 0.5 0.3333333333333333 0.6666666666666666 0.6666666666666666 0.6666666666666666 0.6666666666666666 0.3333333333333333
izlesene.com 1 1 1 1 1 1 0.0 0.0 0.0 0.0 0.0 0.5 0.5 0.5 0.5 0.5 0.5
box.net 2 4 1 1 2 2 0.0 0.0 0.0 0.0 0.0 0.011428571428571429 0.022857142857142857 0.005714285714285714 0.005714285714285714 0.011428571428571429 0.011428571428571429
tupaki.com 2 3 1 1 3 2 0.0 1.0 0.0 0.0 1.0 0.6666666666666666 1.0 0.3333333333333333 0.3333333333333333 1.0 0.6666666666666666
hallmarkchannel.com 1 1 1 1 1 0 0.0 0.0 0.0 0.0 0.0 0.2 0.2 0.2 0.2 0.2 0.0
moz.com 5 5 3 2 5 5 1.0 1.0 1.0 0.6666666666666666 1.0 1.0 1.0 0.6 0.4 1.0 1.0
ups.com 6 10 4 3 9 6 0.4444444444444444 0.7777777777777778 0.3333333333333333 0.2222222222222222 0.7777777777777778 0.5454545454545454 0.9090909090909091 0.36363636363636365 0.2727272727272727 0.8181818181818182 0.5454545454545454
seekingarrangement.com 3 3 2 2 3 2 0.5 0.5 0.5 0.5 0.5 1.0 1.0 0.6666666666666666 0.6666666666666666 1.0 0.6666666666666666
lww.com 3 3 1 1 2 3 0.5 0.5 0.0 0.0 0.5 1.0 1.0 0.3333333333333333 0.3333333333333333 0.6666666666666666 1.0
weebly.com 3 3 2 2 3 3 0.5 0.5 0.5 0.5 0.5 1.0 1.0 0.6666666666666666 0.6666666666666666 1.0 1.0
outlook.com 1 2 1 1 1 1 0.0 0.0 0.0 0.0 0.0 0.02857142857142857 0.05714285714285714 0.02857142857142857 0.02857142857142857 0.02857142857142857 0.02857142857142857
justice.gov 2 3 2 2 2 2 0.5 0.5 0.5 0.5 0.5 0.6666666666666666 1.0 0.6666666666666666 0.6666666666666666 0.6666666666666666 0.6666666666666666
fandango.com 2 2 1 1 2 2 0.5 0.5 0.0 0.0 0.5 1.0 1.0 0.5 0.5 1.0 1.0
zakupka.com 3 3 2 1 3 3 1.0 1.0 0.6666666666666666 0.0 1.0 1.0 1.0 0.6666666666666666 0.3333333333333333 1.0 1.0
absa.co.za 1 2 1 1 1 1 0.0 0.5 0.0 0.0 0.0 0.3333333333333333 0.6666666666666666 0.3333333333333333 0.3333333333333333 0.3333333333333333 0.3333333333333333
battlenet.com.cn 2 2 1 1 1 2 0.0 0.0 0.0 0.0 0.0 0.25 0.25 0.125 0.125 0.125 0.25
here.com 3 3 2 2 3 2 0.5 0.5 0.5 0.5 0.5 1.0 1.0 0.6666666666666666 0.6666666666666666 1.0 0.6666666666666666
arstechnica.com 2 4 1 1 3 2 0.0 0.0 0.0 0.0 0.0 0.038461538461538464 0.07692307692307693 0.019230769230769232 0.019230769230769232 0.057692307692307696 0.038461538461538464
faberlic.com 2 3 1 1 2 2 0.25 0.25 0.0 0.0 0.25 0.3333333333333333 0.5 0.16666666666666666 0.16666666666666666 0.3333333333333333 0.3333333333333333
scnsrc.me 1 2 1 1 2 1 0.0 0.2222222222222222 0.0 0.0 0.2222222222222222 0.1111111111111111 0.2222222222222222 0.1111111111111111 0.1111111111111111 0.2222222222222222 0.1111111111111111
top-shop.ru 4 3 1 1 5 4 0.2 0.2 0.0 0.0 0.2 0.23529411764705882 0.17647058823529413 0.058823529411764705 0.058823529411764705 0.29411764705882354 0.23529411764705882
playbill.com 5 5 1 1 4 5 0.16666666666666666 0.16666666666666666 0.0 0.0 0.16666666666666666 0.7142857142857143 0.7142857142857143 0.14285714285714285 0.14285714285714285 0.5714285714285714 0.7142857142857143
test.de 16 17 2 1 16 16 0.375 0.375 0.0625 0.0 0.3125 0.8421052631578947 0.8947368421052632 0.10526315789473684 0.05263157894736842 0.8421052631578947 0.8421052631578947
okazii.ro 1 1 1 1 1 1 0.0 0.0 0.0 0.0 0.0 0.004166666666666667 0.004166666666666667 0.004166666666666667 0.004166666666666667 0.004166666666666667 0.004166666666666667
amung.us 1 1 1 1 1 1 0.0 0.0 0.0 0.0 0.0 0.011111111111111112 0.011111111111111112 0.011111111111111112 0.011111111111111112 0.011111111111111112 0.011111111111111112
icicibank.com 5 5 2 2 5 5 0.3333333333333333 0.3333333333333333 0.3333333333333333 0.3333333333333333 0.3333333333333333 1.0 1.0 0.4 0.4 1.0 1.0
cs-cart.com 3 4 1 1 4 3 0.3333333333333333 0.3333333333333333 0.0 0.0 0.3333333333333333 0.75 1.0 0.25 0.25 1.0 0.75
yahoo.com 13 14 6 4 14 12 0.1 0.1 0.0 0.0 0.1 0.9285714285714286 1.0 0.42857142857142855 0.2857142857142857 1.0 0.8571428571428571
neobux.com 4 4 2 2 4 4 0.3333333333333333 0.3333333333333333 0.0 0.0 0.3333333333333333 1.0 1.0 0.5 0.5 1.0 1.0
lenta.ru 2 2 2 2 2 2 0.0 0.0 0.0 0.0 0.0 0.4 0.4 0.4 0.4 0.4 0.4
local.com 2 2 2 2 2 2 0.0 0.5 0.0 0.0 0.0 0.5 0.5 0.5 0.5 0.5 0.5
blocket.se 2 3 2 1 3 2 0.0 0.3333333333333333 0.0 0.0 0.3333333333333333 0.6666666666666666 1.0 0.6666666666666666 0.3333333333333333 1.0 0.6666666666666666
mediatakeout.com 2 3 1 1 3 2 0.14285714285714285 0.14285714285714285 0.0 0.0 0.14285714285714285 0.25 0.375 0.125 0.125 0.375 0.25
gazzetta.it 1 1 1 1 1 1 0.0 0.0 0.0 0.0 0.0 0.5 0.5 0.5 0.5 0.5 0.5
babylon.com 4 4 4 3 4 4 0.5 0.5 0.5 0.5 0.5 1.0 1.0 1.0 0.75 1.0 1.0
kaixin001.com 6 5 1 1 7 4 0.001287001287001287 0.001287001287001287 0.0 0.0 0.001287001287001287 0.007712082262210797 0.006426735218508998 0.0012853470437017994 0.0012853470437017994 0.008997429305912597 0.005141388174807198
kooora.com 3 9 2 2 8 3 0.3333333333333333 0.6666666666666666 0.0 0.0 0.6666666666666666 0.2727272727272727 0.8181818181818182 0.18181818181818182 0.18181818181818182 0.7272727272727273 0.2727272727272727
mihanwebhost.com 1 4 1 1 4 1 0.0 0.0 0.0 0.0 0.0 0.14285714285714285 0.5714285714285714 0.14285714285714285 0.14285714285714285 0.5714285714285714 0.14285714285714285
thaivisa.com 3 4 2 2 3 3 0.0 0.14285714285714285 0.0 0.0 0.0 0.375 0.5 0.25 0.25 0.375 0.375
filefactory.com 2 3 2 2 3 2 0.5 0.5 0.5 0.5 0.5 0.6666666666666666 1.0 0.6666666666666666 0.6666666666666666 1.0 0.6666666666666666
apple.com 2 6 2 2 2 2 0.0 0.6 0.0 0.0 0.0 0.2857142857142857 0.8571428571428571 0.2857142857142857 0.2857142857142857 0.2857142857142857 0.2857142857142857
comcast.net 4 4 2 2 4 4 0.14285714285714285 0.14285714285714285 0.14285714285714285 0.14285714285714285 0.14285714285714285 0.5 0.5 0.25 0.25 0.5 0.5
domru.ru 4 3 1 1 5 2 0.0 0.0 0.0 0.0 0.0 0.6666666666666666 0.5 0.16666666666666666 0.16666666666666666 0.8333333333333334 0.3333333333333333
2shared.com 2 2 2 2 2 2 0.5 0.5 0.5 0.5 0.5 1.0 1.0 1.0 1.0 1.0 1.0
namecheap.com 2 2 1 1 2 2 0.0 0.0 0.0 0.0 0.0 0.6666666666666666 0.6666666666666666 0.3333333333333333 0.3333333333333333 0.6666666666666666 0.6666666666666666
chomikuj.pl 1 5 1 1 5 1 0.0 0.0 0.0 0.0 0.0 0.125 0.625 0.125 0.125 0.625 0.125
paginasamarillas.es 1 1 1 1 1 1 0.0 0.0 0.0 0.0 0.0 0.0058823529411764705 0.0058823529411764705 0.0058823529411764705 0.0058823529411764705 0.0058823529411764705 0.0058823529411764705
fbi.gov 7 7 3 2 7 7 0.5 0.5 0.0 0.0 0.5 1.0 1.0 0.42857142857142855 0.2857142857142857 1.0 1.0
tudou.com 4 5 4 3 5 4 0.25 0.5 0.25 0.0 0.5 0.8 1.0 0.8 0.6 1.0 0.8
fishki.net 2 2 1 1 2 2 0.0 0.0 0.0 0.0 0.0 0.2857142857142857 0.2857142857142857 0.14285714285714285 0.14285714285714285 0.2857142857142857 0.2857142857142857
constantcontact.com 5 5 1 1 4 5 1.0 1.0 0.0 0.0 0.5 1.0 1.0 0.2 0.2 0.8 1.0
twoo.com 4 7 3 3 6 3 0.5 0.75 0.25 0.25 0.75 0.5714285714285714 1.0 0.42857142857142855 0.42857142857142855 0.8571428571428571 0.42857142857142855
disqus.com 1 5 2 2 4 1 0.0 0.14285714285714285 0.0 0.0 0.14285714285714285 0.09090909090909091 0.45454545454545453 0.18181818181818182 0.18181818181818182 0.36363636363636365 0.09090909090909091
debenhams.com 2 4 2 2 3 2 0.0 0.0 0.0 0.0 0.0 0.01904761904761905 0.0380952380952381 0.01904761904761905 0.01904761904761905 0.02857142857142857 0.01904761904761905
timeweb.ru 1 2 1 1 1 1 0.0 0.3333333333333333 0.0 0.0 0.0 0.25 0.5 0.25 0.25 0.25 0.25
italiansubs.net 3 3 2 1 3 3 0.3333333333333333 0.3333333333333333 0.3333333333333333 0.0 0.3333333333333333 0.75 0.75 0.5 0.25 0.75 0.75
heb.com 2 2 1 1 2 2 0.5 0.5 0.0 0.0 0.5 1.0 1.0 0.5 0.5 1.0 1.0
mamsy.ru 2 2 1 1 2 2 0.0 0.0 0.0 0.0 0.0 0.2222222222222222 0.2222222222222222 0.1111111111111111 0.1111111111111111 0.2222222222222222 0.2222222222222222
slickdeals.net 2 2 1 1 2 2 1.0 1.0 0.0 0.0 1.0 1.0 1.0 0.5 0.5 1.0 1.0
facebook.com 7 7 4 3 6 7 0.3333333333333333 0.3333333333333333 0.1111111111111111 0.1111111111111111 0.2222222222222222 0.5384615384615384 0.5384615384615384 0.3076923076923077 0.23076923076923078 0.46153846153846156 0.5384615384615384
shpock.com 2 3 2 1 3 2 0.0 0.0 0.0 0.0 0.0 0.5 0.75 0.5 0.25 0.75 0.5
yandex.ru 11 34 4 2 22 11 0.03333333333333333 0.3333333333333333 0.06666666666666667 0.03333333333333333 0.13333333333333333 0.20754716981132076 0.6415094339622641 0.07547169811320754 0.03773584905660377 0.41509433962264153 0.20754716981132076
cj.com 2 4 1 1 4 2 0.5 0.5 0.0 0.0 0.5 0.5 1.0 0.25 0.25 1.0 0.5
ecigtalk.ru 1 1 1 1 1 1 0.0 0.0 0.0 0.0 0.0 0.25 0.25 0.25 0.25 0.25 0.25
radikal.ru 1 1 1 1 1 1 0.0 0.0 0.0 0.0 0.0 0.00390625 0.00390625 0.00390625 0.00390625 0.00390625 0.00390625
voegol.com.br 2 2 1 1 2 2 0.0 0.0 0.0 0.0 0.0 0.4 0.4 0.2 0.2 0.4 0.4
buzzfeed.com 3 5 2 2 5 3 0.6666666666666666 0.6666666666666666 0.0 0.0 0.6666666666666666 0.5 0.8333333333333334 0.3333333333333333 0.3333333333333333 0.8333333333333334 0.5
ule.com 2 3 1 1 1 2 0.0 0.2 0.0 0.0 0.0 0.18181818181818182 0.2727272727272727 0.09090909090909091 0.09090909090909091 0.09090909090909091 0.18181818181818182
chinahr.com 8 4 1 1 7 5 0.0 0.0 0.0 0.0 0.0 0.16326530612244897 0.08163265306122448 0.02040816326530612 0.02040816326530612 0.14285714285714285 0.10204081632653061
etsy.com 12 21 7 3 17 12 0.025380710659898477 0.04568527918781726 0.015228426395939087 0.01015228426395939 0.04568527918781726 0.02526315789473684 0.04421052631578947 0.014736842105263158 0.00631578947368421 0.035789473684210524 0.02526315789473684
e-autopay.com 3 3 3 1 3 3 0.0 0.0 0.0 0.0 0.0 0.5 0.5 0.5 0.16666666666666666 0.5 0.5
vtc.vn 2 3 1 1 1 2 0.0 0.0 0.0 0.0 0.0 0.00796812749003984 0.01195219123505976 0.00398406374501992 0.00398406374501992 0.00398406374501992 0.00796812749003984
arvixe.com 2 10 2 2 8 2 0.0 0.0 0.0 0.0 0.0 0.05714285714285714 0.2857142857142857 0.05714285714285714 0.05714285714285714 0.22857142857142856 0.05714285714285714
flyfrontier.com 2 3 1 1 3 2 0.0 0.0 0.0 0.0 0.0 0.5 0.75 0.25 0.25 0.75 0.5
ck101.com 4 5 1 1 4 4 0.6666666666666666 0.6666666666666666 0.0 0.0 0.6666666666666666 0.8 1.0 0.2 0.2 0.8 0.8
interserver.net 1 3 1 1 3 1 0.0 0.0 0.0 0.0 0.0 0.2 0.6 0.2 0.2 0.6 0.2
box.com 2 3 1 1 2 2 0.0 0.0 0.0 0.0 0.0 0.5 0.75 0.25 0.25 0.5 0.5
underconsideration.com 2 2 1 1 2 2 0.0 0.0 0.0 0.0 0.0 0.6666666666666666 0.6666666666666666 0.3333333333333333 0.3333333333333333 0.6666666666666666 0.6666666666666666
funnyjunk.com 3 4 2 2 4 3 0.0 0.0 0.0 0.0 0.0 0.6 0.8 0.4 0.4 0.8 0.6
softlayer.com 1 25 3 2 15 1 0.0 0.14285714285714285 0.0 0.0 0.02857142857142857 0.015151515151515152 0.3787878787878788 0.045454545454545456 0.030303030303030304 0.22727272727272727 0.015151515151515152
logitech.com 2 3 2 2 3 2 0.0 0.0 0.0 0.0 0.0 0.09523809523809523 0.14285714285714285 0.09523809523809523 0.09523809523809523 0.14285714285714285 0.09523809523809523
kw.com 9 12 2 1 10 9 0.09090909090909091 0.18181818181818182 0.0 0.0 0.18181818181818182 0.75 1.0 0.16666666666666666 0.08333333333333333 0.8333333333333334 0.75
zocdoc.com 2 3 2 2 3 2 0.5 0.5 0.5 0.5 0.5 0.6666666666666666 1.0 0.6666666666666666 0.6666666666666666 1.0 0.6666666666666666
gmail.com 7 7 3 3 7 7 0.2 0.2 0.2 0.2 0.2 0.7777777777777778 0.7777777777777778 0.3333333333333333 0.3333333333333333 0.7777777777777778 0.7777777777777778
windeln.de 1 2 1 1 2 1 0.0 0.25 0.0 0.0 0.25 0.2 0.4 0.2 0.2 0.4 0.2
pizza.de 2 2 1 1 2 2 0.0 0.0 0.0 0.0 0.0 0.6666666666666666 0.6666666666666666 0.3333333333333333 0.3333333333333333 0.6666666666666666 0.6666666666666666
pch.com 3 4 1 1 3 3 0.018518518518518517 0.018518518518518517 0.0 0.0 0.018518518518518517 0.05454545454545454 0.07272727272727272 0.01818181818181818 0.01818181818181818 0.05454545454545454 0.05454545454545454
ucf.edu 2 3 1 1 1 2 0.5 0.5 0.0 0.0 0.0 0.6666666666666666 1.0 0.3333333333333333 0.3333333333333333 0.3333333333333333 0.6666666666666666
gry-online.pl 2 2 2 2 2 2 0.0 0.0 0.0 0.0 0.0 0.15384615384615385 0.15384615384615385 0.15384615384615385 0.15384615384615385 0.15384615384615385 0.15384615384615385
scribd.com 4 6 3 2 6 4 0.2 0.6 0.2 0.2 0.6 0.6666666666666666 1.0 0.5 0.3333333333333333 1.0 0.6666666666666666
prensa.com 4 5 2 2 4 4 0.0 0.0 0.0 0.0 0.0 0.17391304347826086 0.21739130434782608 0.08695652173913043 0.08695652173913043 0.17391304347826086 0.17391304347826086
pdfescape.com 1 1 1 1 1 1 0.0 0.0 0.0 0.0 0.0 0.3333333333333333 0.3333333333333333 0.3333333333333333 0.3333333333333333 0.3333333333333333 0.3333333333333333
rogers.com 3 3 3 2 2 2 0.5 0.5 0.5 0.5 0.5 1.0 1.0 1.0 0.6666666666666666 0.6666666666666666 0.6666666666666666
sony.co.jp 2 3 2 2 3 2 0.0 0.0 0.0 0.0 0.0 0.04878048780487805 0.07317073170731707 0.04878048780487805 0.04878048780487805 0.07317073170731707 0.04878048780487805
weather.com 4 4 1 1 4 4 0.3333333333333333 0.3333333333333333 0.0 0.0 0.3333333333333333 1.0 1.0 0.25 0.25 1.0 1.0
retailmenot.com 5 9 2 2 8 5 0.3333333333333333 0.5555555555555556 0.0 0.0 0.4444444444444444 0.45454545454545453 0.8181818181818182 0.18181818181818182 0.18181818181818182 0.7272727272727273 0.45454545454545453
fromyouflowers.com 1 2 1 1 2 1 0.0 0.5 0.0 0.0 0.5 0.5 1.0 0.5 0.5 1.0 0.5
evozi.com 3 4 2 2 4 3 0.0 0.25 0.0 0.0 0.25 0.6 0.8 0.4 0.4 0.8 0.6
bell.ca 1 6 1 1 1 1 0.0 0.25 0.0 0.0 0.0 0.125 0.75 0.125 0.125 0.125 0.125
whitehouse.gov 6 6 3 3 6 6 0.4 0.4 0.0 0.0 0.4 1.0 1.0 0.5 0.5 1.0 1.0
tnews.ir 1 2 1 1 2 1 0.0 0.0 0.0 0.0 0.0 0.3333333333333333 0.6666666666666666 0.3333333333333333 0.3333333333333333 0.6666666666666666 0.3333333333333333
w3schools.com 9 11 5 3 11 9 0.5454545454545454 0.7272727272727273 0.2727272727272727 0.09090909090909091 0.7272727272727273 0.75 0.9166666666666666 0.4166666666666667 0.25 0.9166666666666666 0.75
weeb.tv 2 3 2 1 3 2 0.1111111111111111 0.1111111111111111 0.1111111111111111 0.0 0.1111111111111111 0.2 0.3 0.2 0.1 0.3 0.2
antenna.gr 2 2 2 2 2 2 0.3333333333333333 0.3333333333333333 0.3333333333333333 0.3333333333333333 0.3333333333333333 0.6666666666666666 0.6666666666666666 0.6666666666666666 0.6666666666666666 0.6666666666666666 0.6666666666666666
juniper.net 2 2 1 1 2 2 0.5 0.5 0.0 0.0 0.5 1.0 1.0 0.5 0.5 1.0 1.0
elpais.com 3 8 3 2 5 3 0.3333333333333333 0.6666666666666666 0.3333333333333333 0.0 0.6666666666666666 0.375 1.0 0.375 0.25 0.625 0.375
youtube.com 4 4 3 3 4 4 0.5 0.5 0.5 0.5 0.5 1.0 1.0 0.75 0.75 1.0 1.0
aliexpress.com 4 11 5 3 10 4 0.5 0.5 0.5 0.5 0.5 0.2857142857142857 0.7857142857142857 0.35714285714285715 0.21428571428571427 0.7142857142857143 0.2857142857142857
genius.com 3 3 2 2 3 3 0.5 0.5 0.5 0.5 0.5 1.0 1.0 0.6666666666666666 0.6666666666666666 1.0 1.0
naked.com 2 2 1 1 2 2 0.0 0.0 0.0 0.0 0.0 0.5 0.5 0.25 0.25 0.5 0.5
bizocean.jp 1 2 1 1 2 1 0.0 0.5 0.0 0.0 0.5 0.5 1.0 0.5 0.5 1.0 0.5
detik.com 3 5 3 3 5 3 0.5 0.5 0.0 0.0 0.5 0.6 1.0 0.6 0.6 1.0 0.6
aweber.com 4 5 1 1 5 4 0.5 0.5 0.0 0.0 0.5 0.23529411764705882 0.29411764705882354 0.058823529411764705 0.058823529411764705 0.29411764705882354 0.23529411764705882
trud.com 2 3 2 1 3 2 0.5 0.5 0.5 0.0 0.5 0.6666666666666666 1.0 0.6666666666666666 0.3333333333333333 1.0 0.6666666666666666
